7386.14 0.919230 2.851954e+09
7386.15 0.735202 3.999971e+09
7386.18 0.911417 5.298039e+09
7630.19 0.859957 8.966362e+06
7630.26 0.335523 6.264041e+06
7630.34 0.759454 6.704258e+06
7657.57 0.480157 7.643190e+06
7657.78 0.312823 4.802153e+06
7685.54 0.872331 4.385232e+06
7685.59 0.371409 5.517204e+06
7685.60 0.488356 6.329565e+06
7815.85 0.959329 1.719087e+08
7815.86 0.985348 9.131471e+07
7815.87 0.985896 7.337617e+07
8203.50 0.480965 6.653760e+06
8620.45 0.850367 1.067855e+07
8620.46 0.828579 2.112357e+07
8620.47 0.834524 1.558832e+07
9036.80 0.931288 1.921018e+07
9036.80 0.982474 1.034229e+07
9036.81 0.973921 1.214547e+07