7381.87 0.923325 1.943902e+13
7381.89 0.948545 2.422442e+13
7381.90 0.966411 1.459501e+13
7458.34 0.504345 2.498191e+10
7458.47 0.900627 1.428841e+10
7559.63 0.509856 4.508708e+09
7560.88 0.548204 4.272768e+09
7573.51 0.879579 6.516640e+09
7573.52 0.837413 6.703831e+09
7573.54 0.966364 6.736748e+09
7621.62 0.960909 1.412852e+10
7621.63 0.962382 2.831182e+10
7621.63 0.979873 4.278716e+10
7649.13 0.968834 8.802954e+09
7649.14 0.963571 1.376993e+10
7649.14 0.981382 1.030684e+10
7681.26 0.981876 1.737674e+10
7681.27 0.986887 2.122889e+10
7681.28 0.984506 1.181796e+10
7714.12 0.818851 2.019754e+09
7769.60 0.940541 3.597989e+09
7769.60 0.904294 5.329659e+09
7769.63 0.965195 2.304073e+09
7774.39 0.533001 2.176990e+09
7774.43 0.533494 3.696056e+09
7811.62 0.985805 2.454418e+11
7811.62 0.983377 4.148873e+11
7811.63 0.985381 3.559927e+11
7861.08 0.913675 2.436760e+09
7861.09 0.923950 1.571014e+09
7861.11 0.940181 3.324227e+09
7935.49 0.941630 2.062370e+09
7935.51 0.949392 2.652810e+09
7935.55 0.708157 1.428400e+09
7940.42 0.614192 3.448803e+08
7941.83 0.565174 1.478609e+09
7941.92 0.449366 9.808101e+08
7964.29 0.973647 2.140655e+09
7964.30 0.975152 1.738106e+09
7964.31 0.896340 2.071400e+09
7987.67 0.889016 2.530171e+09
7987.67 0.940436 1.699862e+09
8042.90 0.966196 1.607142e+09
8042.91 0.963509 3.309768e+09
8042.92 0.976511 2.955882e+09
8096.30 0.366237 2.041644e+09
8096.35 0.791643 1.553045e+09
8117.52 0.937192 4.867027e+09
8117.53 0.958241 5.355529e+09
8117.55 0.962956 2.670676e+09
8128.50 0.847854 1.177967e+09
8129.28 0.300182 2.285053e+09
8129.32 0.916703 2.970913e+09
8129.35 0.937925 2.909302e+09
8149.70 0.846513 5.484779e+09
8149.74 0.945626 6.897789e+09
8149.75 0.971543 7.050077e+09
8154.32 0.310857 4.313138e+09
8194.96 0.857604 4.847951e+09
8194.98 0.979723 3.916935e+09
8194.99 0.971589 5.424082e+09
8204.54 0.975437 3.748612e+09
8204.55 0.979711 3.577323e+09
8204.56 0.980546 6.896049e+09
8254.67 0.367583 1.970204e+09
8256.07 0.588454 1.538930e+09
8303.94 0.974998 8.404692e+09
8303.95 0.985561 7.815059e+09
8303.96 0.984138 4.693480e+09
8389.73 0.942181 2.023092e+09
8389.74 0.737280 1.129991e+09
8389.75 0.874618 1.420890e+09
8434.12 0.773088 2.346977e+09
8434.12 0.708300 2.694642e+09
8434.19 0.845102 1.608476e+09
8482.34 0.328658 8.693008e+08
8482.55 0.750437 5.769712e+08
8483.97 0.938703 2.086305e+09
8483.98 0.879631 2.052668e+09
8484.04 0.736034 1.298307e+09
8616.18 0.976299 2.008766e+10
8616.18 0.978052 3.544139e+10
8616.20 0.984632 6.014383e+10
8641.75 0.329640 9.821022e+08
8643.58 0.932360 2.458484e+09
8643.59 0.954858 2.064264e+09
8643.59 0.906022 2.527352e+09
8665.93 0.965376 2.124312e+09
8665.93 0.950311 2.308113e+09
8665.94 0.977841 1.683748e+09
8778.81 0.847418 3.432806e+09
8782.82 0.973351 2.180491e+09
8782.83 0.976795 3.422969e+09
8922.94 0.665880 1.193380e+09
8922.99 0.888521 1.842166e+09
8923.02 0.957065 1.047450e+09
8940.59 0.466896 1.137022e+09
8940.63 0.841351 1.380537e+09
8940.63 0.929977 1.310053e+09
9032.54 0.972694 3.891736e+10
9032.55 0.987393 2.977337e+10
9032.55 0.982696 5.554764e+10
9120.10 0.922453 4.465944e+09
9120.13 0.971201 3.802783e+09
9120.13 0.977366 2.255750e+09
9170.46 0.887824 4.923364e+09
9170.48 0.972649 2.845380e+09
9170.48 0.929959 5.705576e+09
9215.06 0.890778 1.446390e+09
9215.07 0.879890 1.095593e+09
9284.71 0.409408 1.282079e+09
9284.75 0.942405 1.500934e+09
9284.75 0.971150 1.065515e+09