5735.84 0.549412 1.542335e+09
7383.27 0.784785 1.943902e+13
7383.33 0.938362 2.422442e+13
7383.36 0.719667 1.459501e+13
7459.95 0.734282 1.428841e+10
7560.94 0.648233 4.508708e+09
7565.36 0.303115 3.788917e+09
7574.93 0.952133 5.520829e+09
7574.94 0.637197 6.516640e+09
7575.00 0.863569 4.816209e+09
7607.59 0.384552 1.398560e+09
7623.04 0.832506 9.867162e+09
7623.06 0.925699 9.991268e+09
7623.10 0.929556 1.498164e+10
7626.22 0.325320 1.272689e+10
7650.51 0.959950 1.030684e+10
7650.51 0.908015 8.802954e+09
7650.60 0.935165 1.030749e+10
7682.66 0.970318 2.122889e+10
7682.66 0.966373 1.737674e+10
7682.67 0.816590 1.181796e+10
7715.44 0.462231 1.689683e+09
7715.51 0.801485 2.019754e+09
7729.30 0.599388 1.182147e+09
7729.30 0.305436 1.178818e+09
7770.99 0.945796 5.329659e+09
7771.00 0.870824 3.597989e+09
7771.04 0.740995 2.304073e+09
7775.75 0.465208 2.176990e+09
7775.77 0.929668 3.539397e+09
7775.80 0.876654 3.696056e+09
7813.00 0.959837 2.454418e+11
7813.02 0.969800 4.148873e+11
7813.08 0.850894 2.035001e+11
7862.49 0.889971 2.375196e+09
7862.54 0.640711 1.571014e+09
7862.60 0.306235 2.032525e+09
7930.95 0.305938 1.265508e+09
7936.87 0.929473 2.062370e+09
7936.87 0.867645 2.652810e+09
7936.92 0.650181 1.428400e+09
7947.86 0.449663 1.303997e+09
7965.71 0.920563 1.524797e+09
7965.72 0.915104 2.140655e+09
7965.74 0.883751 1.755391e+09
7989.05 0.929655 1.352584e+09
7989.10 0.894399 1.458480e+09
8044.29 0.878897 3.309768e+09
8044.33 0.928163 1.607142e+09
8044.40 0.591665 1.099410e+09
8050.90 0.304769 1.129497e+09
8097.70 0.525625 2.041644e+09
8097.71 0.642380 1.553045e+09
8097.78 0.389214 1.741390e+09
8118.90 0.964534 5.355529e+09
8118.91 0.954640 4.867027e+09
8118.96 0.839958 2.656721e+09
8130.72 0.890822 2.285053e+09
8130.72 0.818174 2.970913e+09
8130.79 0.742809 1.647454e+09
8151.14 0.947878 5.937464e+09
8151.16 0.585609 7.050077e+09
8151.16 0.890707 5.484779e+09
8155.63 0.908928 4.546341e+09
8155.63 0.950958 6.897789e+09
8155.64 0.850355 4.313138e+09
8196.27 0.710428 3.577913e+09
8196.33 0.758359 3.916935e+09
8196.38 0.889162 4.847951e+09
8205.94 0.941413 3.266347e+09
8205.97 0.919117 3.748612e+09
8206.01 0.949381 3.383491e+09
8256.11 0.578789 8.588469e+08
8305.32 0.954714 8.404692e+09
8305.33 0.969896 7.815059e+09
8305.37 0.828470 4.693480e+09
8391.09 0.911207 2.023092e+09
8391.10 0.910287 1.289922e+09
8437.09 0.866186 2.694642e+09
8437.10 0.410628 2.346977e+09
8437.10 0.676079 1.152604e+09
8451.28 0.335317 9.798683e+08
8486.10 0.944409 2.086305e+09
8486.11 0.943776 2.052668e+09
8486.12 0.636966 1.209431e+09
8599.10 0.470807 2.029498e+09
8617.58 0.961149 2.681643e+10
8617.60 0.894158 1.976070e+10
8617.68 0.921164 2.353196e+10
8644.95 0.924059 2.527352e+09
8644.97 0.948821 2.458484e+09
8645.01 0.839157 2.064264e+09
8667.31 0.945035 2.124312e+09
8667.31 0.819995 1.683748e+09
8667.31 0.927793 2.308113e+09
8683.62 0.538046 1.039579e+09
8778.83 0.332343 1.750359e+09
8784.19 0.935927 3.422969e+09
8784.19 0.906609 3.432806e+09
8784.25 0.820710 1.975888e+09
8896.48 0.474511 9.669037e+08
8924.35 0.881221 1.193380e+09
8924.36 0.932730 1.842166e+09
8924.44 0.690005 1.047450e+09
8941.93 0.807743 1.137022e+09
8941.95 0.858631 1.380537e+09
8942.00 0.366895 1.310053e+09
9033.92 0.961932 3.891736e+10
9033.93 0.835750 2.977337e+10
9033.95 0.961250 5.554764e+10
9121.49 0.931917 4.465944e+09
9121.51 0.848523 2.255750e+09
9121.51 0.919060 3.802783e+09
9162.19 0.601074 1.615928e+09
9171.85 0.934923 4.923364e+09
9171.85 0.959278 5.705576e+09
9171.87 0.871950 2.845380e+09
9216.41 0.900228 1.494327e+09
9216.43 0.944424 1.446390e+09
9286.11 0.889158 1.500934e+09
9286.11 0.832525 1.282079e+09
9286.19 0.768792 7.901866e+08