7384.23 0.688496 1.363353e+10
7384.30 0.751992 1.591392e+10
7384.47 0.637557 6.141472e+09
7623.87 0.583414 1.190509e+07
7624.09 0.620437 1.115556e+07
7626.77 0.330090 1.272710e+07
7651.22 0.740735 1.073440e+07
7651.30 0.775232 1.082379e+07
7651.50 0.448434 1.146789e+07
7683.63 0.560269 9.230570e+06
7683.82 0.542326 1.106962e+07
7813.98 0.879565 1.235068e+08
7814.07 0.830517 1.675257e+08
7814.27 0.751513 8.052300e+07
8156.50 0.635228 9.254687e+06
8197.05 0.320547 6.950830e+06
8197.23 0.740206 8.698612e+06
8206.66 0.787729 9.782817e+06
8305.99 0.428709 9.111266e+06
8486.88 0.583840 5.467154e+06
8618.34 0.874970 2.571933e+07
8618.38 0.557689 1.818412e+07
8618.39 0.917213 2.946574e+07
9034.64 0.828937 3.651168e+07
9034.75 0.835792 4.166775e+07
9034.84 0.658264 2.146618e+07