7382.36 0.973835 6.141472e+09
7382.37 0.856901 1.591392e+10
7382.38 0.869434 1.363353e+10
7622.03 0.754369 1.688010e+07
7622.09 0.632521 1.190509e+07
7622.13 0.903243 1.115556e+07
7649.53 0.711390 1.073440e+07
7649.54 0.849433 1.146789e+07
7649.65 0.595205 5.641110e+06
7650.17 0.315271 1.082379e+07
7681.74 0.785294 9.230570e+06
7681.74 0.866299 1.106962e+07
7681.74 0.303319 6.880222e+06
7812.08 0.972894 8.052300e+07
7812.08 0.935494 1.675257e+08
7812.12 0.964626 1.235068e+08
8195.39 0.421650 6.950830e+06
8195.41 0.366019 8.698612e+06
8616.65 0.910211 2.946574e+07
8616.65 0.960878 1.818412e+07
8616.67 0.974322 2.571933e+07
9033.00 0.978516 2.146618e+07
9033.02 0.968643 3.651168e+07
9033.04 0.931682 4.166775e+07