5729.07 0.804071 1.907386e+07
5729.38 0.532863 1.593405e+07
7389.07 0.923116 2.404253e+10
7389.09 0.852473 1.930505e+10
7408.85 0.390479 1.520831e+09
7628.37 0.576331 9.846385e+06
7628.45 0.320435 1.347728e+07
7628.83 0.400847 1.744332e+07
7656.19 0.516903 7.234961e+06
7688.83 0.433247 9.406908e+06
7818.72 0.864089 1.612162e+08
7818.75 0.924959 2.439173e+08
7819.25 0.524755 1.061387e+08
8161.88 0.664916 7.279770e+06
8202.11 0.516332 7.434218e+06
8211.71 0.361246 6.832312e+06
8211.71 0.330538 8.151908e+06
8311.05 0.536349 9.909110e+06
8311.31 0.478122 9.087421e+06
8623.13 0.409973 1.458624e+07
8623.18 0.868696 2.946811e+07
8623.22 0.954215 2.951796e+07
9039.57 0.915040 2.087849e+07
9039.63 0.875718 4.727312e+07
9040.13 0.421624 1.968844e+07