5722.86 0.689253 1.655017e+07
5722.87 0.602289 1.690128e+07
5723.12 0.615566 1.026318e+07
7383.21 0.902264 1.227717e+10
7383.21 0.942227 1.680834e+10
7383.21 0.924784 1.775359e+10
7622.93 0.863776 1.944166e+07
7622.98 0.976824 2.459958e+07
7622.99 0.652977 2.691549e+07
7650.46 0.860461 1.072994e+07
7650.47 0.725822 1.217629e+07
7650.89 0.752032 1.578323e+07
7682.52 0.934347 9.165051e+06
7682.53 0.938248 1.039699e+07
7682.79 0.636357 9.435213e+06
7812.84 0.962393 2.525558e+08
7812.85 0.933957 4.177979e+08
7812.86 0.982016 2.873477e+08
8152.98 0.702864 1.473032e+07
8152.98 0.411513 9.833986e+06
8301.38 0.349504 9.663245e+06
8305.78 0.642500 9.039933e+06
8617.48 0.850468 2.016426e+07
8617.58 0.687550 2.246598e+07
8617.75 0.847426 2.906240e+07
9033.94 0.836632 2.612918e+07
9034.07 0.575678 3.963919e+07
9034.07 0.773400 3.767297e+07
9169.11 0.393761 5.182050e+06
9169.27 0.505598 4.686865e+06
9169.79 0.409540 8.726896e+06