7385.15 0.921893 1.930504e+10
7385.17 0.971635 1.312071e+10
7385.18 0.925819 2.404244e+10
7625.19 0.611277 9.840289e+06
7656.14 0.542701 1.330485e+07
7683.78 0.355508 1.332710e+07
7684.60 0.353768 9.684378e+06
7814.85 0.969659 1.146769e+08
7814.87 0.921712 1.612162e+08
7814.90 0.921268 2.439194e+08
8120.56 0.639799 1.196699e+07
8156.54 0.803459 1.076833e+07
8198.34 0.326683 1.273412e+07
8307.26 0.925533 9.087370e+06
8307.27 0.346680 6.069601e+06
8307.34 0.616587 9.909277e+06
8619.47 0.768197 1.460977e+07
8619.63 0.572150 2.951626e+07
8619.75 0.637660 2.946041e+07
9035.88 0.960576 1.968836e+07
9035.89 0.913096 4.727890e+07
9035.89 0.964280 2.087883e+07