5735.37 0.338217 8.134160e+06
6838.70 0.356037 8.126593e+06
7390.51 0.421190 4.104306e+09
7390.75 0.618050 3.975754e+09
7390.98 0.706017 4.639980e+09
7630.51 0.308901 6.385414e+06
7657.97 0.343335 5.470195e+06
7690.16 0.593004 4.209291e+06
7820.43 0.463251 5.051956e+07
7820.43 0.429454 3.803722e+07
7820.49 0.776912 4.679546e+07
8624.91 0.593388 1.206118e+07
8625.04 0.664989 8.586506e+06
8625.04 0.777865 6.621880e+06
8722.25 0.520788 5.589059e+06
9041.29 0.709525 1.020397e+07
9041.41 0.650034 1.167412e+07
9041.43 0.745737 8.856986e+06