5727.71 0.856226 1.690319e+07
5727.85 0.540091 1.655033e+07
5727.95 0.489519 1.026478e+07
7385.23 0.781510 1.680836e+10
7385.26 0.792011 1.227715e+10
7385.36 0.908638 1.775358e+10
7625.06 0.823770 1.944306e+07
7625.13 0.885033 2.459625e+07
7625.15 0.692478 2.691665e+07
7652.58 0.744358 1.072989e+07
7652.58 0.870654 1.578336e+07
7652.60 0.723907 1.217602e+07
7684.60 0.690657 9.163521e+06
7684.66 0.792630 1.039606e+07
7684.66 0.900145 9.432470e+06
7814.95 0.843186 2.525529e+08
7814.96 0.902051 4.177877e+08
7815.00 0.888293 2.873498e+08
8046.29 0.426857 5.260445e+06
8121.05 0.322585 6.497762e+06
8157.53 0.706390 9.834029e+06
8157.56 0.857050 1.281877e+07
8307.42 0.753987 9.042818e+06
8307.44 0.859343 9.663122e+06
8619.47 0.747461 2.246459e+07
8619.51 0.815441 2.016533e+07
8619.54 0.941048 2.906312e+07
9035.91 0.562842 3.767221e+07
9035.99 0.719890 3.963729e+07
9036.02 0.746276 2.613076e+07
9123.60 0.866335 6.513424e+06
9123.62 0.542416 6.273851e+06
9173.90 0.632157 4.956310e+06
9173.94 0.849055 8.726663e+06