4581.44 0.520101 9.092400e+09
4581.47 0.611359 1.726847e+10
4614.20 0.502956 2.896476e+10
4616.00 0.338025 1.019211e+10
4741.88 0.360365 8.932340e+09
4741.91 0.310396 1.458492e+10
4842.38 0.303922 2.119441e+10
4842.48 0.521889 3.928913e+10
4842.59 0.494258 6.005454e+09
4969.72 0.353130 9.478401e+09
4969.72 0.401267 3.868278e+10
4999.15 0.445639 1.611784e+10
5049.58 0.334810 8.795033e+09
5086.24 0.400523 2.771427e+10
5158.32 0.557688 9.685009e+09
5306.59 0.393171 1.977364e+10
5426.11 0.664997 2.067696e+10
5689.79 0.664280 9.200043e+09
5801.68 0.387052 1.151936e+10
6054.93 0.925642 1.200269e+10
6352.28 0.383613 8.044894e+09
6352.32 0.316750 1.638263e+10
6367.47 0.323604 1.324349e+10
6437.68 0.616962 4.647531e+09
6439.96 0.606515 2.913943e+10
6439.99 0.343014 1.640595e+10
6541.39 0.355105 1.372698e+10
6631.38 0.329805 1.229250e+10
6903.75 0.804004 1.149616e+10
6903.79 0.719396 9.712732e+09
6940.06 0.386943 1.122894e+10
6940.07 0.592052 6.746981e+09
7093.16 0.431405 4.141178e+09
7391.82 0.946068 1.419142e+11
7391.82 0.849474 4.094155e+11
7391.84 0.843242 2.092316e+11
7619.35 0.795573 6.624271e+09
7619.48 0.675564 3.028100e+09
7738.68 0.415094 7.640664e+09
7821.67 0.723063 4.146004e+09
7821.71 0.544890 5.000777e+09
7821.84 0.706484 6.536341e+09
7859.50 0.745670 1.672123e+10
7895.04 0.316230 1.309531e+10
8026.27 0.416494 1.119484e+10
8289.28 0.845094 7.307524e+09
8500.16 0.626606 1.192326e+10
8500.19 0.572210 5.164441e+09
9093.94 0.336940 1.677536e+10
9125.51 0.391717 2.756379e+09
9126.44 0.657618 1.818606e+10
9126.52 0.749497 7.277015e+09