4523.68 0.549008 1.383290e+10
4582.75 0.604470 1.726847e+10
4582.99 0.492845 9.092400e+09
4616.04 0.606505 2.896476e+10
4616.06 0.595747 5.390454e+10
4616.40 0.730923 1.019211e+10
4664.24 0.354137 6.908445e+09
4843.19 0.445782 3.928913e+10
4988.26 0.412528 7.074070e+10
5013.94 0.428685 1.862126e+10
5014.03 0.835431 1.420445e+10
5050.67 0.318723 5.403277e+09
5050.74 0.350739 8.795033e+09
5309.71 0.321110 1.977364e+10
5426.69 0.827638 2.067696e+10
5690.40 0.546005 1.449396e+10
5690.96 0.663804 9.200043e+09
5803.02 0.520273 1.151936e+10
5822.58 0.393249 1.317585e+10
6059.64 0.799290 1.200269e+10
6218.62 0.324098 1.131287e+10
6368.62 0.492130 1.324349e+10
6440.48 0.374536 1.640595e+10
6440.56 0.466211 2.913943e+10
6542.88 0.634753 1.372698e+10
6849.75 0.441709 8.406285e+09
6907.33 0.554659 9.712732e+09
6941.33 0.541497 6.746981e+09
7311.72 0.337123 1.297958e+10
7400.70 0.467380 4.593725e+11
7400.75 0.737344 3.829561e+11
7401.52 0.476231 2.254810e+11
7544.42 0.348107 1.300666e+10
7572.00 0.492317 7.167339e+09
7620.95 0.510068 2.763694e+09
7620.97 0.440085 6.624271e+09
7739.72 0.564304 7.640664e+09
7830.28 0.592601 6.536341e+09
7830.41 0.571274 5.000777e+09
7861.66 0.519245 1.672123e+10
8027.82 0.333547 1.119484e+10
8028.84 0.411888 6.800547e+09
8294.98 0.327219 7.307524e+09
8505.58 0.316825 1.192326e+10
8505.76 0.509914 5.164441e+09
8701.82 0.478212 9.370700e+09
9095.14 0.480829 1.677536e+10
9128.30 0.367607 6.741356e+09