5420.88 0.567728 3.273773e+06
5505.52 0.576033 2.419064e+06
5736.27 0.461868 7.676983e+06
5736.31 0.361652 6.397008e+06
5784.96 0.316977 3.032585e+06
5858.24 0.375128 3.170329e+06
5922.95 0.404185 3.452791e+06
6200.24 0.382725 3.693506e+06
7390.38 0.747371 2.851954e+09
7390.52 0.828528 5.298039e+09
7633.41 0.621280 7.924984e+06
7633.44 0.552903 6.264041e+06
7633.46 0.695350 6.067811e+06
7657.65 0.450373 7.643190e+06
7657.67 0.364572 4.298160e+06
7665.06 0.333771 3.166966e+06
7689.78 0.573192 4.385232e+06
7689.82 0.747053 6.329565e+06
7689.86 0.524949 4.404041e+06
7820.17 0.849354 7.337617e+07
7820.18 0.813900 1.719087e+08
7820.20 0.861172 9.131471e+07
8104.32 0.394268 2.837616e+06
8126.10 0.465213 3.715485e+06
8162.74 0.783550 3.549571e+06
8213.06 0.331982 4.254326e+06
8312.49 0.890107 4.122412e+06
8430.30 0.309084 2.269305e+06
8441.30 0.352846 2.818520e+06
8624.65 0.808496 2.112357e+07
8624.69 0.905643 1.067855e+07
8624.76 0.720835 1.558832e+07
8791.42 0.588310 4.208475e+06
9041.08 0.849930 1.921018e+07
9041.12 0.801448 1.034229e+07
9041.12 0.866306 1.214547e+07