5856.37 0.399360 3.169940e+06
7386.18 0.698491 3.999992e+09
7386.18 0.711329 2.851946e+09
7386.21 0.940769 5.298041e+09
7630.24 0.777406 8.966241e+06
7630.32 0.663493 6.268756e+06
7630.37 0.710218 6.704240e+06
7657.60 0.414222 7.643236e+06
7657.81 0.506668 4.801905e+06
7685.58 0.571056 4.385814e+06
7685.67 0.514750 6.327542e+06
7685.70 0.398517 5.511978e+06
7815.88 0.971390 1.719122e+08
7815.89 0.973886 7.337675e+07
7815.90 0.963699 9.131584e+07
8203.49 0.475539 6.651770e+06
8620.49 0.900317 1.067863e+07
8620.49 0.862399 2.111709e+07
8620.52 0.895347 1.558942e+07
9036.82 0.959816 1.034210e+07
9036.83 0.883722 1.920956e+07
9036.84 0.915092 1.214513e+07