5735.86 0.411471 1.542317e+09
7383.31 0.750996 1.943903e+13
7383.36 0.926761 2.422442e+13
7383.39 0.727452 1.459500e+13
7459.93 0.351998 2.498138e+10
7460.03 0.558003 1.428833e+10
7560.97 0.526137 4.508898e+09
7574.95 0.726530 6.516738e+09
7574.95 0.929222 5.520603e+09
7575.02 0.892922 4.816709e+09
7607.63 0.312064 1.399281e+09
7623.06 0.837185 9.867184e+09
7623.10 0.948954 9.991327e+09
7623.12 0.939473 1.498142e+10
7626.22 0.384421 1.272695e+10
7650.53 0.943688 1.030674e+10
7650.60 0.804857 8.802983e+09
7650.65 0.948264 1.030760e+10
7682.68 0.958528 1.737673e+10
7682.68 0.964242 2.122888e+10
7682.77 0.667923 1.181795e+10
7715.46 0.328761 1.689562e+09
7715.54 0.875958 2.019928e+09
7729.34 0.732613 1.182258e+09
7771.02 0.921668 5.329646e+09
7771.04 0.496810 3.597844e+09
7771.08 0.706227 2.304248e+09
7775.80 0.910483 3.539289e+09
7775.82 0.721982 3.696054e+09
7775.85 0.509411 2.176925e+09
7813.02 0.956517 2.454416e+11
7813.04 0.955922 4.148878e+11
7813.13 0.840019 2.035016e+11
7862.54 0.896294 2.375189e+09
7862.58 0.734897 1.570986e+09
7862.65 0.429766 2.032529e+09
7930.98 0.359195 1.265497e+09
7936.88 0.876179 2.062345e+09
7936.90 0.836113 2.652785e+09
7936.97 0.676183 1.428548e+09
7947.94 0.385318 1.304005e+09
7965.74 0.923762 2.140538e+09
7965.76 0.917765 1.524837e+09
7965.77 0.810152 1.755471e+09
7989.06 0.900371 1.352157e+09
7989.14 0.866794 1.458882e+09
8044.33 0.899824 3.310565e+09
8044.35 0.903061 1.607072e+09
8044.42 0.737709 1.099720e+09
8097.76 0.686959 1.553049e+09
8097.79 0.623729 2.042371e+09
8097.82 0.715668 1.741390e+09
8118.93 0.936182 4.867005e+09
8118.93 0.955591 5.356073e+09
8119.00 0.814228 2.656842e+09
8130.73 0.827695 2.970955e+09
8130.75 0.895698 2.285059e+09
8130.82 0.873661 1.647466e+09
8151.16 0.933157 5.937857e+09
8151.17 0.907123 5.484873e+09
8151.21 0.762024 7.051898e+09
8155.64 0.923788 4.546299e+09
8155.64 0.947983 6.897791e+09
8155.68 0.821463 4.313195e+09
8196.38 0.721092 3.577852e+09
8196.39 0.802312 3.916942e+09
8196.40 0.918854 4.848016e+09
8205.96 0.851155 3.266316e+09
8206.00 0.905898 3.748947e+09
8206.04 0.947421 3.383397e+09
8256.14 0.472476 8.586877e+08
8305.34 0.951366 8.404721e+09
8305.36 0.958285 7.814767e+09
8305.42 0.774106 4.693656e+09
8391.12 0.932523 2.023105e+09
8391.13 0.863060 1.359473e+09
8434.15 0.352329 1.663488e+09
8437.09 0.864115 2.694693e+09
8437.10 0.320717 2.347069e+09
8437.13 0.363056 1.152556e+09
8451.31 0.672049 9.801660e+08
8451.34 0.519982 1.075486e+09
8486.12 0.936287 2.086321e+09
8486.13 0.925313 2.052416e+09
8486.18 0.648919 1.209438e+09
8599.12 0.668977 2.029364e+09
8617.59 0.941041 2.681643e+10
8617.62 0.857460 1.976070e+10
8617.71 0.927085 2.353195e+10
8644.98 0.939959 2.458772e+09
8644.98 0.910218 2.527588e+09
8645.06 0.844334 2.064691e+09
8667.33 0.918948 2.308135e+09
8667.34 0.947943 2.124306e+09
8667.34 0.798076 1.683778e+09
8683.69 0.493833 1.039560e+09
8784.18 0.899168 3.432500e+09
8784.21 0.893867 3.423853e+09
8784.29 0.832371 1.977038e+09
8896.52 0.673185 9.669182e+08
8924.38 0.876117 1.192882e+09
8924.38 0.929518 1.842648e+09
8924.46 0.785330 1.047412e+09
8941.96 0.823290 1.137008e+09
8941.98 0.866622 1.380588e+09
9033.94 0.959065 3.891703e+10
9033.94 0.959734 5.554808e+10
9033.95 0.727141 2.977333e+10
9121.50 0.928679 4.465992e+09
9121.52 0.933872 3.802756e+09
9121.58 0.798095 2.255776e+09
9162.18 0.345532 1.072904e+09
9162.22 0.433508 1.615915e+09
9171.86 0.935665 4.923348e+09
9171.86 0.954012 5.705558e+09
9171.92 0.805097 2.845378e+09
9216.44 0.883773 1.494324e+09
9216.46 0.916743 1.446297e+09
9216.54 0.708958 1.020471e+09
9286.14 0.921502 1.501206e+09
9286.18 0.836651 1.282250e+09
9286.22 0.772634 7.905662e+08