5729.18 0.368003 7.862483e+08
7381.92 0.943272 1.943903e+13
7381.93 0.978095 1.459500e+13
7381.94 0.957829 2.422442e+13
7458.41 0.520307 2.498138e+10
7458.50 0.788430 1.428833e+10
7559.58 0.319567 4.508898e+09
7560.91 0.460376 4.272786e+09
7573.55 0.914399 6.736831e+09
7573.56 0.909964 6.703480e+09
7573.56 0.933325 6.516738e+09
7621.64 0.975848 1.412860e+10
7621.65 0.976458 2.831180e+10
7621.65 0.963587 4.278717e+10
7649.14 0.966216 8.802983e+09
7649.16 0.935602 1.030674e+10
7649.16 0.961925 1.376957e+10
7681.28 0.976933 1.737673e+10
7681.30 0.961940 2.122888e+10
7681.30 0.964777 1.181795e+10
7714.18 0.654394 2.019928e+09
7769.62 0.835199 7.284941e+08
7769.64 0.959519 5.329646e+09
7769.66 0.886267 2.304248e+09
7770.98 0.524857 3.597844e+09
7774.39 0.333723 2.176925e+09
7774.42 0.417120 3.696054e+09
7811.64 0.978195 2.454416e+11
7811.65 0.975524 4.148878e+11
7811.66 0.932874 3.559926e+11
7861.10 0.734343 3.324250e+09
7861.11 0.882600 2.436762e+09
7861.14 0.895326 1.570986e+09
7935.52 0.904442 2.062345e+09
7935.54 0.940529 2.652785e+09
7935.65 0.366237 1.428548e+09
7940.45 0.590661 4.269036e+08
7941.87 0.575581 1.478619e+09
7941.95 0.706599 9.807684e+08
7964.30 0.574049 2.070582e+09
7964.30 0.941067 2.140538e+09
7964.32 0.949808 1.738444e+09
7987.62 0.367092 1.477764e+09
7987.69 0.889788 1.699883e+09
7987.79 0.361180 1.458882e+09
8042.93 0.972925 3.310565e+09
8042.93 0.973852 1.607072e+09
8042.94 0.940655 2.955889e+09
8096.33 0.507062 2.042371e+09
8096.38 0.817820 1.553049e+09
8117.54 0.950675 4.867005e+09
8117.55 0.956433 2.670707e+09
8117.56 0.959503 5.356073e+09
8128.54 0.832675 1.177755e+09
8129.30 0.451125 2.285059e+09
8129.34 0.958197 2.909804e+09
8129.34 0.970574 2.970955e+09
8149.74 0.891894 5.484873e+09
8149.76 0.958878 7.051898e+09
8149.77 0.954465 6.897791e+09
8194.98 0.925737 4.848016e+09
8195.01 0.961805 3.916942e+09
8195.01 0.920006 5.423734e+09
8204.56 0.976517 3.748947e+09
8204.57 0.971545 3.577188e+09
8204.58 0.965691 6.896759e+09
8254.70 0.386736 1.970201e+09
8256.10 0.500208 1.538743e+09
8303.97 0.978303 8.404721e+09
8303.97 0.975934 7.814767e+09
8303.98 0.986067 4.693656e+09
8389.74 0.429330 1.129936e+09
8389.76 0.936735 2.023105e+09
8389.81 0.748318 1.420672e+09
8434.09 0.455220 2.347069e+09
8434.11 0.319481 2.694693e+09
8434.21 0.705597 1.606902e+09
8482.58 0.806436 5.769285e+08
8484.00 0.939502 2.086321e+09
8484.01 0.838168 2.052416e+09
8484.06 0.697770 1.298303e+09
8597.61 0.373683 2.029364e+09
8616.21 0.976607 3.544142e+10
8616.21 0.965185 2.008776e+10
8616.21 0.896603 6.014390e+10
8643.61 0.948520 2.458772e+09
8643.62 0.805588 2.527588e+09
8643.62 0.939059 2.064691e+09
8665.94 0.955446 1.683778e+09
8665.95 0.951580 2.308135e+09
8665.96 0.951206 2.124306e+09
8778.82 0.840815 7.381090e+08
8781.45 0.391870 3.432500e+09
8782.85 0.843647 2.180502e+09
8782.86 0.926846 3.423853e+09
8895.01 0.343932 1.380555e+09
8923.01 0.783848 1.192882e+09
8923.02 0.906051 1.842648e+09
8923.06 0.911932 1.047412e+09
8940.63 0.573902 1.137008e+09
8940.66 0.827429 1.380588e+09
8940.66 0.660188 1.310009e+09
9032.57 0.980462 3.891703e+10
9032.57 0.979844 5.554808e+10
9032.58 0.983488 2.977333e+10
9120.12 0.929045 4.465992e+09
9120.15 0.974968 2.255776e+09
9120.16 0.964807 3.802756e+09
9170.49 0.929009 4.923348e+09
9170.50 0.981826 2.845378e+09
9170.50 0.969591 5.705558e+09
9214.98 0.448368 1.494324e+09
9215.07 0.910965 1.446297e+09
9215.10 0.813078 1.095518e+09
9284.74 0.338752 1.282250e+09
9284.78 0.941768 1.501206e+09
9284.78 0.709481 1.055945e+09