5722.14 0.825203 5.128186e+09
5722.26 0.919229 4.638380e+09
5722.27 0.693042 7.084723e+09
5841.82 0.344604 2.036829e+09
7385.63 0.358036 1.902900e+12
7385.66 0.861586 2.755484e+12
7625.58 0.322946 2.433529e+09
7625.70 0.565219 7.385724e+09
7685.02 0.352822 1.483249e+09
7685.34 0.769041 3.135503e+09
7685.52 0.443701 4.997990e+09
7777.28 0.565542 1.415081e+09
7815.41 0.938358 9.137645e+10
7815.42 0.952396 2.264707e+10
7815.42 0.887564 5.313253e+10
8121.58 0.408144 1.064630e+09
8122.83 0.385332 1.482870e+09
8157.24 0.542803 3.069397e+09
8199.00 0.373320 2.550894e+09
8199.15 0.402199 1.839796e+09
8307.95 0.478000 1.444549e+09
8307.99 0.862603 2.189339e+09
8440.42 0.524819 9.631356e+08
8619.98 0.788303 9.548884e+09
8620.19 0.552047 8.384765e+09
8620.27 0.957403 4.966577e+09
8785.74 0.319901 1.670277e+09
9036.35 0.898069 8.462287e+09
9036.35 0.933313 4.465888e+09
9036.38 0.843022 1.788657e+10
9174.79 0.681880 1.644136e+09
9174.87 0.766406 2.100759e+09