5727.04 0.944369 7.084702e+09
5727.07 0.921413 4.638300e+09
5727.18 0.868988 5.128175e+09
5813.16 0.375326 9.170682e+08
5847.06 0.911929 2.036764e+09
5847.10 0.883956 1.410683e+09
5847.21 0.952822 1.234776e+09
6511.87 0.733849 9.240857e+08
7389.51 0.442908 2.755483e+12
7389.59 0.451106 1.902895e+12
7389.63 0.781016 1.485537e+12
7629.55 0.493752 7.383878e+09
7657.13 0.306609 2.826859e+09
7688.91 0.746058 4.998155e+09
7689.01 0.325794 1.481816e+09
7689.54 0.720435 3.135707e+09
7782.23 0.562199 1.415064e+09
7819.28 0.829142 9.137732e+10
7819.35 0.653535 2.264613e+10
7819.46 0.767754 5.313276e+10
8125.47 0.571566 1.482889e+09
8125.47 0.683312 9.696989e+08
8157.71 0.364587 2.969100e+09
8161.81 0.332140 2.210649e+09
8202.81 0.503839 2.550954e+09
8202.90 0.493195 1.840312e+09
8212.31 0.403175 1.577202e+09
8212.50 0.675432 1.599244e+09
8311.70 0.709650 2.189348e+09
8311.87 0.740973 1.444513e+09
8443.59 0.637961 9.631882e+08
8623.75 0.581357 9.548428e+09
8623.96 0.738335 4.965861e+09
8623.98 0.578801 8.384212e+09
8674.00 0.557928 1.110236e+09
8790.75 0.646541 1.670361e+09
8790.76 0.846938 8.364011e+08
9040.17 0.621826 1.788672e+10
9040.26 0.616567 4.465640e+09
9040.40 0.687970 8.462828e+09
9128.03 0.375265 1.558324e+09
9128.06 0.603679 1.341045e+09
9178.33 0.556865 2.098762e+09
9178.42 0.703594 1.642944e+09