77742.31 0.559207 3.511098e+06
77742.42 0.599509 5.127613e+06
77742.55 0.681374 9.158746e+06
77798.34 0.805831 1.218895e+10
77798.37 0.922786 8.662916e+09
77798.66 0.764201 1.627985e+10
78013.89 0.847248 8.501512e+07
78013.93 0.826204 1.846107e+08
78014.17 0.762602 1.929412e+08
78224.03 0.525634 1.698802e+07
78224.07 0.672035 1.291094e+07
78224.10 0.590656 8.291592e+06
78263.93 0.840078 9.519303e+09
78263.97 0.930326 7.886593e+09
78264.14 0.666444 1.939712e+10
78499.95 0.403298 2.487521e+07
78500.21 0.554923 9.496786e+06
78575.95 0.508548 7.331953e+06
78621.07 0.629440 8.069976e+06
78621.23 0.550610 4.215439e+06
78621.31 0.524070 6.561257e+06
78643.17 0.300652 5.691613e+06
78643.46 0.450168 4.895729e+06
78813.54 0.315055 2.777454e+06
78813.72 0.935448 9.910344e+06
78813.90 0.873213 2.134026e+07
78814.07 0.516106 1.311706e+07
78857.02 0.878817 9.159250e+07
78857.02 0.954169 8.564560e+07
78857.25 0.829546 1.470923e+08
78899.71 0.398576 5.969623e+09
78900.82 0.865763 4.104606e+09
78901.05 0.791342 9.503532e+09
78982.99 0.423473 2.961747e+08
78983.15 0.488130 4.581798e+08
79075.11 0.478320 5.011366e+08
79075.13 0.814376 3.113954e+08
79075.42 0.560100 7.080509e+08
79123.81 0.330212 3.962682e+07
79124.01 0.374538 6.319264e+07
79168.21 0.461661 3.754257e+07
79205.29 0.862974 1.359622e+09
79205.33 0.967259 9.723069e+08
79205.58 0.781808 1.854281e+09
79406.25 0.538105 6.628876e+06
79406.37 0.349051 6.833295e+06
79430.81 0.822882 5.340990e+06
79495.27 0.494584 4.048254e+06
79764.93 0.869184 1.656529e+08
79764.96 0.967248 8.824752e+07
79765.22 0.710483 2.264455e+08
79853.29 0.970747 1.426606e+08
79853.33 0.909211 2.255140e+08
79853.54 0.853618 2.266931e+08
79906.99 0.426481 1.123891e+07
79921.55 0.662939 2.224891e+07
79921.58 0.760348 1.184775e+07
79923.17 0.333503 2.115366e+07
80008.42 0.855501 9.616704e+07
80008.45 0.932192 5.933364e+07
80008.74 0.934617 1.246078e+08
80312.45 0.942618 2.884831e+08
80312.48 0.875459 4.023176e+08
80312.74 0.855584 5.918075e+08
80492.31 0.503468 4.544884e+06
80538.43 0.568699 8.533142e+06
80538.79 0.488815 5.244232e+06
80538.93 0.422803 4.422182e+06
80630.83 0.651876 4.249042e+06
80631.17 0.361469 4.544657e+06
80687.70 0.957645 2.034797e+07
80687.73 0.838847 2.907221e+07
80687.93 0.802179 3.988731e+07
80702.34 0.646305 2.733476e+07
80813.42 0.827347 1.065846e+07
80813.67 0.865631 2.246050e+07
80813.79 0.457867 1.651467e+07
80857.26 0.595749 3.186752e+06
80857.87 0.395023 7.876849e+06