75897.37 0.635752 4.684960e+06
75897.46 0.818121 3.127581e+06
77810.37 0.550432 4.149480e+08
77810.37 0.690588 4.861245e+08
77811.67 0.305990 4.313928e+08
78275.94 0.579981 3.476932e+08
78275.97 0.475106 3.176819e+08
78277.27 0.449103 3.879625e+08
78913.27 0.630628 3.814730e+08
78913.34 0.508305 3.476209e+08
79218.37 0.351983 4.010247e+06
79219.21 0.625890 6.792700e+07
79392.74 0.630571 6.236946e+06
79392.74 0.743049 4.010443e+06
79866.63 0.591137 7.178685e+06
79867.81 0.427923 9.070829e+06
80325.89 0.324474 1.682039e+07
80326.75 0.345765 1.501711e+07
80609.86 0.442676 2.520261e+06