75940.19 0.416474 9.070887e+06
77509.11 0.390646 1.132582e+07
77622.89 0.652259 1.091897e+07
77809.29 0.927286 5.971964e+08
77809.29 0.786949 7.215587e+08
77809.42 0.724516 4.984712e+08
78026.15 0.324514 1.523593e+07
78274.62 0.894879 5.511629e+08
78274.86 0.749253 7.211845e+08
78274.98 0.778056 4.909152e+08
78868.47 0.549713 1.033142e+07
78869.37 0.413778 1.133124e+07
78911.49 0.886827 7.612421e+08
78911.75 0.623962 5.750979e+08
78912.19 0.614923 4.778306e+08
79086.47 0.538447 5.981273e+07
79087.09 0.332311 7.175429e+07
79215.99 0.909375 6.254826e+07
79216.30 0.708859 7.081415e+07
79216.59 0.496197 6.797598e+07
79776.23 0.561488 1.727979e+07
79776.51 0.489862 1.584477e+07
79777.47 0.405853 1.476412e+07
79864.23 0.787738 2.346646e+07
79865.03 0.370015 1.835723e+07
79865.33 0.464004 1.770097e+07
79876.50 0.499864 2.681561e+07
80020.13 0.462595 1.483124e+07
80020.95 0.301428 1.072449e+07
80323.43 0.721405 2.760578e+07
80323.45 0.942687 3.314658e+07
80323.75 0.485066 2.853496e+07
80713.03 0.391930 8.986771e+06