77317.069 0.537599 7.905286e+06
77743.030 0.523797 1.009184e+07
77743.350 0.761154 1.286136e+07
77743.409 0.873222 1.255503e+07
77798.499 0.671451 1.174080e+10
77798.610 0.746214 1.919402e+10
77798.610 0.822437 8.907199e+09
78014.099 0.672115 3.643618e+08
78014.220 0.580589 4.312212e+08
78014.300 0.816488 1.736465e+08
78137.309 0.416271 1.003097e+07
78224.669 0.676826 2.318326e+07
78224.670 0.850169 1.733253e+07
78224.710 0.693764 2.245323e+07
78264.009 0.780533 9.108891e+09
78264.020 0.852399 6.566969e+09
78264.300 0.669137 1.232737e+10
78394.890 0.414561 6.706322e+07
78500.100 0.787660 1.857214e+07
78500.149 0.635458 2.979363e+07
78500.350 0.616533 3.246465e+07
78570.930 0.334761 1.265404e+07
78571.149 0.500950 1.178091e+07
78621.660 0.411927 8.619680e+06
78622.030 0.436212 1.491933e+07
78814.170 0.843826 1.657843e+07
78814.269 0.620801 2.491017e+07
78814.310 0.705352 2.719353e+07
78857.129 0.866046 1.431349e+08
78857.160 0.844302 1.116550e+08
78857.260 0.834514 2.151640e+08
78901.420 0.822545 1.048413e+10
78901.910 0.302667 3.190005e+10
78902.469 0.601340 2.081756e+10
78984.229 0.546558 6.025529e+08
78984.230 0.692912 6.403679e+08
79024.590 0.412735 1.660607e+08
79024.629 0.607183 1.531035e+08
79024.670 0.350674 1.308797e+08
79075.470 0.642992 4.349821e+08
79075.550 0.625285 1.147853e+09
79075.869 0.624517 9.441837e+08
79124.610 0.385349 7.368140e+07
79169.060 0.450745 3.360561e+07
79169.070 0.551215 5.157313e+07
79169.209 0.598280 3.886328e+07
79205.259 0.776299 1.400022e+09
79205.320 0.910140 8.215778e+08
79205.410 0.615227 1.814397e+09
79407.300 0.461316 5.400183e+06
79407.390 0.534455 8.657902e+06
79407.429 0.598435 7.541733e+06
79431.730 0.324622 3.127887e+06
79431.869 0.467475 1.506306e+07
79431.870 0.785749 1.011007e+07
79432.390 0.550758 1.992808e+07
79512.770 0.367612 7.811127e+06
79512.909 0.348549 7.652091e+06
79689.709 0.360772 1.021943e+07
79690.470 0.308864 8.047786e+06
79765.229 0.372691 2.305636e+08
79765.340 0.803648 1.564270e+08
79765.690 0.620417 3.048861e+08
79853.300 0.820488 3.308721e+08
79853.580 0.526995 5.861667e+08
79853.619 0.693616 4.251509e+08
79907.329 0.550955 1.417952e+07
79907.570 0.460657 1.426272e+07
79922.340 0.641369 1.869187e+07
79922.430 0.641396 3.871834e+07
79922.789 0.617510 2.970562e+07
80008.740 0.711727 2.723443e+08
80008.780 0.961708 1.708910e+08
80008.799 0.883222 2.415120e+08
80312.529 0.714004 6.181957e+08
80312.620 0.951759 4.263529e+08
80312.660 0.769308 8.176450e+08
80539.050 0.869011 1.087476e+07
80539.070 0.739547 1.099668e+07
80539.109 0.628662 1.257636e+07
80631.650 0.360987 1.108118e+07
80632.229 0.667622 1.120849e+07
80688.020 0.774147 9.408614e+07
80688.030 0.873169 5.133118e+07
80688.069 0.782409 7.458047e+07
80813.890 0.814142 1.615550e+07
80813.979 0.505339 1.737208e+07
80813.990 0.564586 2.741439e+07
80857.540 0.611780 1.151876e+07
80857.710 0.674347 1.845593e+07
80858.189 0.514762 1.901890e+07
80979.149 0.371255 1.135181e+07