76226.31 0.457487 5.566436e+06
77850.51 0.317930 7.312413e+08
77850.61 0.305361 7.144176e+08
77851.57 0.429531 4.457313e+08
78316.15 0.573371 7.856694e+08
78317.17 0.362906 4.214729e+08
78952.67 0.351922 2.944176e+09
78952.81 0.377495 2.326485e+09
78954.05 0.314229 1.685257e+09
79127.07 0.371775 6.354553e+07
79128.21 0.308571 5.905226e+07
79191.89 0.334036 3.362098e+07
79256.93 0.427408 1.633348e+08
79257.07 0.443879 1.538230e+08
79257.87 0.309697 9.240328e+07
79546.70 0.624220 6.710245e+06
79796.07 0.797708 1.117044e+07
79816.45 0.369213 7.968258e+06
79816.62 0.368909 2.654909e+07
79817.03 0.394714 2.836355e+07
79904.75 0.404775 1.907926e+07
79905.12 0.494209 2.152444e+07
80059.81 0.321684 7.689914e+06
80192.49 0.445270 6.161740e+06
80342.41 0.410038 1.458711e+07
80364.48 0.757806 5.648997e+07
80364.53 0.428327 3.084299e+07
80364.69 0.347918 2.809049e+07
80506.60 0.646828 1.096336e+07
80506.75 0.363612 1.113134e+07
80506.99 0.895705 1.797503e+07
80555.15 0.466033 6.312905e+06
80620.27 0.921018 2.454244e+07
80620.29 0.684243 6.950289e+06
80620.30 0.338528 6.763733e+06