77749.129 0.502638 1.255503e+07
77749.900 0.538690 1.286136e+07
77803.809 0.367134 1.174080e+10
77804.250 0.524585 1.919402e+10
77804.890 0.425259 8.907199e+09
78019.329 0.415374 3.643618e+08
78154.709 0.527699 8.939142e+06
78155.410 0.395888 1.292579e+07
78229.549 0.453455 2.318326e+07
78229.710 0.432182 2.245323e+07
78230.630 0.538566 1.733253e+07
78269.750 0.578121 1.232737e+10
78506.420 0.801034 1.857214e+07
78576.579 0.541871 1.178091e+07
78626.949 0.333147 1.002886e+07
78650.279 0.388420 1.133752e+07
78659.310 0.420227 6.642016e+06
78820.710 0.532303 1.657843e+07
78862.349 0.301483 1.431349e+08
78862.700 0.406976 2.151640e+08
78862.710 0.603354 1.116550e+08
78906.440 0.635686 3.190005e+10
78906.469 0.434219 2.081756e+10
78907.220 0.618493 1.048413e+10
78989.230 0.376941 6.403679e+08
79030.570 0.348113 1.660607e+08
79081.349 0.658282 9.441837e+08
79083.210 0.323717 4.349821e+08
79107.469 0.387287 1.166174e+08
79174.339 0.840957 3.886328e+07
79174.640 0.654071 5.157313e+07
79174.930 0.399966 3.360561e+07
79210.459 0.564694 1.400022e+09
79210.510 0.442797 1.863819e+09
79210.510 0.583177 8.215778e+08
79437.389 0.358545 1.506306e+07
79437.650 0.310484 1.992808e+07
79518.100 0.575217 7.811127e+06
79656.870 0.381868 3.824680e+06
79710.470 0.528654 1.052534e+07
79769.009 0.400958 2.119013e+08
79859.529 0.425907 4.251509e+08
79859.610 0.355579 5.861667e+08
79859.610 0.445277 3.308721e+08
79912.039 0.467946 1.280789e+07
79912.560 0.431426 1.397469e+07
79927.419 0.496845 2.970562e+07
79927.870 0.792652 3.871834e+07
79928.070 0.410037 1.869187e+07
80014.709 0.690853 2.415120e+08
80014.890 0.429457 2.723443e+08
80015.120 0.674362 1.708910e+08
80093.279 0.650821 8.395425e+06
80094.030 0.458938 1.088734e+07
80122.190 0.509495 7.760975e+06
80318.230 0.630269 8.176450e+08
80318.549 0.301053 6.181957e+08
80434.560 0.652132 6.634049e+06
80544.560 0.713531 1.099668e+07
80636.809 0.442094 1.120849e+07
80694.110 0.380920 5.152094e+07
80694.190 0.691979 9.408614e+07
80820.510 0.559981 1.615550e+07
80820.790 0.312833 2.741439e+07
80862.430 0.493213 1.845593e+07
80863.269 0.319079 1.901890e+07
80863.450 0.337147 1.039161e+07
80983.749 0.453691 1.135181e+07
80984.590 0.316987 1.130173e+07