75831.097 0.391729 3.636577e+06
77535.257 0.317533 2.724829e+06
77601.187 0.477051 3.014025e+06
77853.717 0.512494 1.332886e+09
77854.197 0.337786 1.675636e+09
78107.857 0.400950 7.797098e+06
78224.677 0.566049 4.908765e+06
78319.097 0.445446 1.322106e+09
78842.537 0.372297 2.998722e+06
79236.917 0.347988 4.204960e+07
79260.117 0.376905 1.256286e+08
79796.977 0.310744 7.164315e+06
79908.757 0.303586 1.453698e+07
80104.357 0.685242 3.684889e+06
80840.237 0.320278 4.347246e+06
80896.757 0.389917 2.379507e+06