75603.60 0.734224 2.112095e+07
75610.99 0.367574 3.550280e+07
75696.33 0.421035 5.060763e+07
75696.42 0.602433 3.911804e+07
75765.33 0.408876 9.822041e+07
75786.35 0.537502 1.071426e+08
75849.61 0.328475 1.018771e+08
75850.05 0.481943 3.402342e+07
75908.93 0.447850 5.586839e+07
75962.63 0.349448 4.981938e+07
75962.77 0.310321 4.223791e+07
75962.79 0.497265 8.247210e+07
76014.67 0.529801 2.555649e+07
76037.23 0.458982 2.150866e+07
76060.67 0.450862 2.476290e+07
76066.45 0.335216 3.667683e+07
76066.47 0.589432 3.473842e+07
76096.51 0.312268 3.583845e+07
76099.87 0.303048 2.932304e+07
76216.65 0.487826 9.988495e+07
76275.05 0.499750 1.017416e+08
76296.99 0.559085 4.539744e+07
76318.43 0.432196 4.719676e+07
76339.31 0.516668 3.255916e+07
76365.95 0.535463 2.850301e+07
76366.31 0.443065 2.517288e+07
76417.55 0.350494 3.259049e+07
76444.17 0.376250 3.395952e+07
76465.66 0.730060 3.847541e+07
76563.59 0.397245 5.528739e+07
76585.45 0.418853 1.996893e+07
76612.43 0.665347 5.170092e+07
76612.93 0.310855 4.272420e+07
76635.85 0.332779 8.072723e+07
76661.46 0.470793 4.317538e+07
76700.78 0.434768 2.390187e+07
76836.27 0.479866 4.209942e+07
76936.33 0.400466 6.225498e+07
76936.43 0.419331 8.933422e+07
76970.73 0.408587 5.441306e+07
77017.55 0.348140 3.672161e+07
77030.66 0.787731 5.388476e+07
77053.19 0.435443 5.080781e+07
77113.51 0.368367 3.814769e+07
77126.07 0.583387 3.526709e+07
77126.15 0.358111 3.736917e+07
77176.05 0.313430 1.855251e+07
77176.35 0.410632 1.626905e+07
77211.09 0.367984 2.693345e+07
77250.15 0.412469 8.099903e+07
77325.47 0.574052 7.177825e+07
77368.03 0.466679 4.272396e+07
77394.15 0.303876 6.482748e+07
77394.26 0.369549 4.553632e+07
77401.23 0.594553 4.685974e+07
77421.93 0.362823 4.785740e+07
77422.22 0.555829 3.057592e+07
77429.51 0.489173 8.048400e+07
77429.95 0.390034 3.995157e+07
77488.67 0.361070 3.899806e+07
77512.73 0.336267 4.143193e+07
77512.73 0.304538 3.573688e+07
77552.19 0.302187 3.568007e+07
77553.23 0.329609 4.114838e+07
77593.42 0.556399 1.211062e+08
77627.09 0.352368 8.771276e+07
77627.15 0.629005 1.277370e+08
77675.63 0.584664 7.736082e+07
77675.79 0.397967 8.238779e+07
77675.87 0.502394 4.577670e+07
77739.95 0.396809 6.550626e+07
77740.37 0.508042 5.636788e+07
77761.07 0.407751 7.230114e+07
77761.99 0.315482 6.427114e+07
77847.39 0.327625 5.926920e+08
77966.73 0.415756 4.753593e+07
77967.05 0.426189 1.006635e+08
78015.73 0.335023 8.923916e+07
78050.63 0.543620 8.232036e+07
78050.63 0.711600 1.139096e+08
78066.67 0.643755 9.569214e+07
78161.97 0.348401 1.121988e+08
78222.91 0.359228 6.024213e+07
78229.87 0.459221 6.667729e+07
78232.85 0.326016 1.011693e+08
78246.38 0.413423 4.551111e+07
78254.96 0.799991 3.964595e+07
78312.89 0.325332 5.236805e+08
78404.55 0.311390 1.471263e+08
78422.47 0.516669 1.479492e+08
78422.77 0.429409 1.249128e+08
78448.94 0.462835 1.178145e+08
78448.98 0.496844 1.415320e+08
78479.54 0.431373 1.267879e+08
78497.67 0.697985 1.300045e+08
78497.81 0.384024 1.165219e+08
78533.87 0.568294 1.760756e+08
78533.87 0.507930 1.560481e+08
78534.03 0.636006 6.981953e+07
78555.29 0.312006 6.227197e+07
78586.31 0.438726 1.141475e+08
78586.45 0.385462 9.378738e+07
78586.59 0.551124 5.324335e+07
78674.91 0.446707 8.450684e+07
78675.07 0.567661 6.611215e+07
78675.23 0.693760 5.074149e+07
78815.57 0.328992 3.618364e+07
78859.04 0.709922 8.417131e+07
78950.11 0.654803 1.982309e+09
79194.35 0.662259 4.939341e+07
79242.58 0.610960 1.710007e+08
79254.11 0.372298 1.706648e+08
79338.37 0.372851 4.497336e+07
79364.75 0.518531 8.514933e+07
79450.26 0.530496 2.745325e+07
79474.28 0.542587 3.476658e+07
79512.17 0.376569 1.974558e+07
79538.91 0.310439 3.647164e+07
79550.54 0.463280 4.381142e+07
79560.73 0.436782 2.908746e+07
79595.97 0.307858 1.028376e+08
79618.65 0.388961 9.650549e+07
79620.29 0.378821 4.122331e+07
79620.91 0.523499 9.449470e+07
79688.78 0.578725 5.016643e+07
79710.81 0.362390 9.046348e+07
79729.57 0.323647 1.080481e+08
79794.67 0.371001 7.655425e+07
79794.83 0.503999 1.093151e+08
79833.39 0.624096 5.787981e+07
79872.59 0.467147 3.285498e+07
79890.15 0.325003 6.816480e+07
79926.97 0.704334 4.603550e+07
79927.09 0.319180 7.245755e+07
79927.42 0.442989 9.469696e+07
79957.07 0.737872 7.795894e+07
79977.97 0.435326 5.510037e+07
80007.75 0.503065 1.052138e+08
80045.62 0.494422 7.109626e+07
80083.71 0.645283 1.511894e+08
80083.93 0.325533 6.433723e+07
80083.98 0.373986 9.950380e+07
80105.31 0.322086 4.289856e+07
80118.47 0.361193 5.055464e+07
80147.73 0.364990 9.246053e+07
80222.15 0.567000 6.506312e+07
80222.63 0.356303 7.903047e+07
80246.15 0.404104 8.301954e+07
80292.51 0.486003 6.238727e+07
80298.35 0.410126 3.457337e+07
80320.39 0.397038 8.018169e+07
80339.07 0.300905 5.988678e+07
80362.67 0.352339 7.856846e+07
80370.47 0.498401 1.670764e+08
80403.43 0.383755 2.841122e+07
80437.73 0.359614 3.962269e+07
80469.19 0.502914 7.950593e+07
80469.21 0.637508 5.775800e+07
80492.95 0.434632 4.860776e+07
80532.81 0.357808 3.060231e+07
80596.37 0.306077 6.938227e+07
80785.50 0.448111 1.026795e+08
80814.74 0.567177 1.031406e+08
80905.01 0.307413 7.354295e+07