75607.46 0.616556 3.550280e+07
75624.49 0.328952 3.726961e+07
75650.99 0.355079 3.561380e+07
75672.90 0.711754 2.897663e+07
75721.65 0.334535 4.472230e+07
75762.19 0.494747 9.822041e+07
75864.91 0.323973 1.763721e+07
75870.66 0.372627 2.620365e+07
75925.41 0.389336 7.094451e+07
75960.90 0.410410 4.223791e+07
75960.97 0.314480 4.981938e+07
76054.91 0.301437 2.476290e+07
76066.33 0.411460 3.206664e+07
76074.85 0.415989 2.047010e+07
76271.25 0.317815 1.017416e+08
76295.54 0.354936 2.857399e+07
76359.85 0.484333 2.788406e+07
76360.68 0.597676 2.547847e+07
76392.06 0.500113 5.786332e+07
76400.49 0.408537 6.023514e+07
76463.51 0.420467 3.847541e+07
76502.47 0.331516 2.767204e+07
76525.15 0.515552 3.780232e+07
76608.97 0.457487 5.170092e+07
76609.09 0.351617 4.345552e+07
76697.55 0.640918 2.390187e+07
76742.51 0.475172 3.806944e+07
76766.82 0.402622 6.410576e+07
76882.49 0.311741 5.541950e+07
76935.73 0.435696 8.933422e+07
76950.50 0.431053 9.238387e+07
76967.51 0.673083 5.521531e+07
77026.63 0.640583 5.388476e+07
77050.09 0.325002 1.094510e+08
77050.50 0.428567 5.080781e+07
77121.99 0.658469 3.526709e+07
77132.62 0.350839 3.529783e+07
77208.90 0.580555 2.693345e+07
77235.15 0.326656 3.565419e+07
77322.63 0.626617 7.610225e+07
77389.61 0.473528 6.396019e+07
77390.18 0.410397 4.553632e+07
77415.45 0.529032 4.239905e+07
77416.02 0.338885 3.057592e+07
77473.63 0.386682 4.203145e+07
77496.97 0.346624 3.748031e+07
77624.03 0.321827 8.771276e+07
77624.15 0.676692 1.277370e+08
77672.26 0.621914 8.238779e+07
77672.51 0.508937 4.577670e+07
77672.55 0.704014 7.736082e+07
77702.87 0.456163 9.561723e+07
77715.93 0.498413 1.013945e+08
77823.99 0.390713 3.789450e+08
77824.25 0.430473 3.127079e+08
77964.05 0.361376 4.753593e+07
78012.95 0.479737 8.923916e+07
78047.23 0.562535 1.139096e+08
78047.57 0.398624 8.232036e+07
78063.22 0.402702 9.569214e+07
78098.25 0.688107 8.958147e+07
78180.17 0.370045 8.674040e+07
78198.25 0.314635 7.885618e+07
78222.84 0.367230 6.346046e+07
78222.85 0.328764 6.303663e+07
78253.68 0.781416 3.964595e+07
78289.01 0.320676 4.179884e+08
78289.05 0.724337 3.508844e+08
78289.69 0.517644 2.562195e+08
78402.98 0.318249 9.932141e+07
78403.56 0.585250 1.560665e+08
78417.01 0.355904 1.479492e+08
78445.57 0.369045 1.178145e+08
78446.47 0.492919 1.415320e+08
78476.19 0.494675 1.298061e+08
78491.24 0.543373 1.351463e+08
78529.87 0.630726 1.560481e+08
78583.79 0.391257 9.378738e+07
78592.34 0.549276 5.155151e+07
78664.82 0.490113 2.436411e+07
78671.37 0.365759 8.450684e+07
78672.01 0.879447 7.511514e+07
78783.97 0.321274 1.288741e+08
78807.94 0.322348 3.618364e+07
78855.69 0.556306 8.417131e+07
78881.47 0.421270 1.423718e+08
78926.03 0.450183 9.746471e+08
78926.11 0.748823 6.965333e+08
79191.78 0.385373 4.939341e+07
79230.44 0.342781 1.010448e+08
79238.95 0.524274 1.710007e+08
79335.15 0.346746 4.497336e+07
79438.07 0.318509 6.524472e+07
79471.03 0.517355 3.476658e+07
79496.33 0.310312 6.693035e+07
79510.35 0.347391 5.889670e+07
79510.78 0.728448 2.744273e+07
79535.73 0.312173 3.647164e+07
79548.17 0.496421 9.334799e+07
79615.69 0.386956 1.069244e+08
79616.26 0.390938 4.122331e+07
79676.59 0.340058 3.475807e+07
79685.49 0.443769 5.016643e+07
79707.57 0.453126 6.591896e+07
79710.13 0.433597 9.046348e+07
79710.77 0.388368 3.980636e+07
79791.75 0.597717 8.038051e+07
79832.57 0.367303 6.092730e+07
79868.17 0.321893 7.719121e+07
79868.90 0.486048 3.285498e+07
79924.75 0.622232 4.603550e+07
79926.31 0.338231 9.469696e+07
79954.02 0.306225 7.795894e+07
79963.70 0.504099 7.024779e+07
80004.67 0.353753 6.519159e+07
80059.15 0.503444 6.696687e+07
80080.02 0.340378 6.433723e+07
80080.66 0.383801 9.950380e+07
80080.67 0.601209 1.511894e+08
80103.25 0.378274 4.289856e+07
80210.73 0.504626 4.836693e+07
80219.14 0.418263 6.506312e+07
80235.55 0.323110 5.714370e+07
80243.07 0.606419 8.301954e+07
80257.63 0.320590 6.271298e+07
80289.30 0.515830 6.238727e+07
80367.21 0.381751 1.670764e+08
80367.47 0.336567 1.118100e+08
80367.87 0.538574 7.908118e+07
80415.87 0.358910 6.912820e+07
80466.18 0.600536 5.775800e+07
80489.47 0.645139 4.860776e+07
80489.70 0.320805 4.268651e+07
80511.31 0.309630 7.101064e+07
80532.57 0.428594 5.803872e+07
80537.70 0.442807 4.174433e+07
80643.83 0.303308 5.493483e+07
80656.10 0.334576 4.167226e+07
80776.50 0.439347 5.250741e+07
80780.35 0.354328 1.026795e+08
80900.10 0.369238 4.872773e+07
80921.95 0.371654 6.926543e+07
80922.55 0.370877 7.679291e+07