76860.137 0.397598 1.028552e+06
76860.857 0.325183 2.471630e+06
77314.177 0.834221 5.947729e+06
77314.197 0.710622 5.951972e+06
77314.297 0.822835 4.357492e+06
77740.047 0.869597 2.120128e+07
77740.167 0.906252 2.493903e+07
77740.277 0.679960 1.792537e+07
77796.327 0.957899 5.154255e+09
77796.327 0.906198 7.569901e+09
77796.447 0.925485 6.834296e+09
78011.897 0.976011 3.617746e+08
78011.907 0.825649 4.510543e+08
78011.987 0.951223 3.555696e+08
78132.717 0.671047 5.672223e+06
78132.717 0.708032 9.197014e+06
78132.907 0.740627 7.354688e+06
78147.077 0.588428 1.360153e+07
78147.227 0.485764 1.354028e+07
78157.577 0.375861 7.861682e+06
78222.027 0.961999 2.843997e+07
78222.237 0.713833 3.194473e+07
78222.277 0.648812 3.583047e+07
78262.007 0.924559 8.960108e+09
78262.027 0.979481 5.950557e+09
78262.107 0.940305 1.033411e+10
78373.817 0.402938 6.851401e+07
78373.897 0.443944 9.716067e+07
78374.177 0.395562 9.850803e+07
78392.137 0.351812 5.717434e+07
78464.947 0.793554 1.475214e+07
78465.037 0.626175 1.791509e+07
78465.067 0.696347 1.787898e+07
78497.977 0.814984 4.027856e+07
78497.997 0.668357 4.956431e+07
78498.027 0.898430 3.753307e+07
78558.017 0.306123 7.876215e+06
78568.117 0.589706 1.193867e+07
78568.277 0.461812 1.188767e+07
78568.367 0.505003 1.009571e+07
78591.827 0.490399 5.836805e+06
78619.177 0.835250 1.152377e+07
78619.187 0.820087 1.419660e+07
78619.217 0.819841 1.709514e+07
78651.857 0.421587 8.449250e+06
78666.837 0.461550 3.791924e+06
78666.897 0.382549 5.372133e+06
78668.357 0.318118 5.309177e+06
78811.947 0.934629 3.031042e+07
78812.057 0.851908 4.223036e+07
78812.117 0.553816 3.572289e+07
78854.967 0.961370 2.328838e+08
78854.987 0.982883 1.972790e+08
78855.087 0.957912 2.305999e+08
78899.077 0.951783 2.056906e+10
78899.097 0.821847 2.910529e+10
78899.207 0.898953 2.049076e+10
78925.277 0.489404 3.729165e+09
78981.077 0.559633 6.197537e+08
78981.317 0.570083 5.877049e+08
79021.737 0.503801 1.538115e+08
79021.957 0.649616 1.679019e+08
79022.117 0.494752 1.804904e+08
79073.217 0.746673 1.112826e+09
79073.217 0.974821 7.323974e+08
79073.347 0.940788 9.299207e+08
79154.117 0.579893 2.827079e+07
79166.267 0.718981 5.165651e+07
79166.277 0.621358 5.761133e+07
79166.557 0.879593 6.680605e+07
79203.217 0.918608 1.667329e+09
79203.247 0.942803 2.650978e+09
79203.267 0.910705 2.264286e+09
79322.757 0.569967 9.534223e+06
79404.437 0.862452 6.631541e+06
79404.597 0.422080 9.202429e+06
79404.757 0.704342 7.623149e+06
79428.587 0.924482 1.736614e+07
79428.617 0.884645 1.815570e+07
79428.637 0.872987 1.982906e+07
79475.557 0.379513 4.034105e+06
79475.587 0.365548 3.810986e+06
79475.637 0.417391 4.087519e+06
79492.947 0.838341 5.912281e+06
79493.177 0.530367 8.537821e+06
79509.667 0.903990 8.012977e+06
79509.777 0.874331 1.327669e+07
79509.917 0.646943 1.035413e+07
79535.717 0.373776 3.889780e+06
79535.777 0.575707 4.587784e+06
79566.637 0.446360 3.639662e+06
79566.817 0.544169 3.404953e+06
79581.237 0.775233 4.473372e+06
79581.277 0.727907 2.844783e+06
79581.397 0.607495 3.754893e+06
79686.717 0.455058 4.982299e+06
79686.757 0.715036 8.331787e+06
79687.197 0.408664 4.971324e+06
79702.337 0.684016 1.221863e+07
79702.387 0.815414 1.055722e+07
79702.457 0.776459 1.156715e+07
79711.897 0.474815 6.902803e+06
79762.827 0.921818 5.947447e+08
79762.857 0.979994 4.690927e+08
79762.927 0.960247 4.616577e+08
79816.637 0.396578 1.556712e+07
79817.317 0.373369 1.740616e+07
79850.977 0.934167 5.601988e+08
79851.007 0.974771 3.395735e+08
79851.107 0.961361 4.545093e+08
79919.377 0.974504 2.531460e+07
79919.397 0.856475 4.275073e+07
79919.497 0.847582 3.323130e+07
80006.177 0.963971 2.504065e+08
80006.187 0.983402 2.035996e+08
80006.247 0.967205 3.252704e+08
80084.947 0.602296 1.036481e+07
80085.127 0.823747 7.720347e+06
80085.317 0.427610 8.331763e+06
80113.877 0.943726 8.634128e+06
80113.937 0.773353 1.170349e+07
80114.017 0.935992 8.567620e+06
80128.497 0.388094 4.234586e+06
80195.267 0.734355 3.033038e+06
80236.557 0.435955 3.705859e+06
80270.957 0.526882 4.229929e+06
80310.327 0.937176 7.631160e+08
80310.337 0.978859 5.954746e+08
80310.427 0.955330 8.349949e+08
80426.137 0.410562 6.220425e+06
80484.097 0.589715 5.336013e+06
80484.277 0.526515 7.526599e+06
80487.297 0.300344 4.596345e+06
80503.317 0.585379 5.421167e+06
80503.357 0.300835 4.242162e+06
80534.217 0.802573 1.432936e+07
80536.037 0.321409 1.250713e+07
80536.127 0.521053 1.169163e+07
80580.737 0.350132 2.850646e+06
80627.267 0.403414 9.656610e+06
80627.337 0.633965 1.398696e+07
80627.337 0.316148 2.979440e+06
80629.027 0.435425 1.402275e+07
80685.407 0.941597 8.394614e+07
80685.417 0.972909 8.843828e+07
80685.467 0.950785 9.609505e+07
80734.597 0.667165 4.527886e+06
80734.667 0.555569 4.322929e+06
80787.017 0.802966 5.555256e+06
80787.177 0.881302 5.325948e+06
80787.317 0.614996 4.476488e+06
80811.297 0.814720 2.232200e+07
80811.307 0.946695 2.292025e+07
80811.417 0.638154 2.278257e+07
80854.927 0.929361 1.308117e+07
80854.947 0.788933 1.804234e+07
80855.027 0.894977 1.828141e+07
80921.177 0.350424 3.699763e+06
80932.837 0.633856 5.268288e+06
80933.077 0.606144 4.407374e+06
80933.207 0.751888 4.124126e+06
80961.477 0.313498 4.646309e+06
80976.417 0.959888 8.660179e+06
80976.437 0.767413 1.160265e+07
80976.517 0.774617 7.144219e+06