76863.727 0.479756 2.471630e+06
77317.267 0.601429 5.951972e+06
77317.997 0.481479 5.947729e+06
77382.307 0.366457 4.279328e+06
77382.477 0.311980 3.586678e+06
77743.157 0.768748 2.493903e+07
77743.377 0.561325 2.120128e+07
77743.527 0.539264 1.792537e+07
77799.937 0.533059 6.834296e+09
77799.997 0.779264 7.569901e+09
78014.977 0.599650 4.510543e+08
78015.347 0.709462 3.555696e+08
78015.667 0.633803 3.617746e+08
78088.267 0.444075 6.703242e+06
78136.277 0.655347 7.354688e+06
78136.367 0.489031 5.672223e+06
78149.937 0.472118 1.354028e+07
78150.237 0.766939 1.360153e+07
78158.827 0.490430 7.861682e+06
78208.037 0.713409 9.970954e+06
78208.357 0.322830 9.880862e+06
78225.197 0.610358 3.194473e+07
78225.437 0.764879 3.583047e+07
78225.557 0.732768 2.843997e+07
78265.157 0.730065 8.960108e+09
78265.377 0.568087 1.033411e+10
78411.117 0.310400 3.584722e+07
78468.257 0.497227 1.475214e+07
78468.337 0.543731 1.787898e+07
78468.437 0.443139 1.791509e+07
78500.977 0.585597 4.027856e+07
78501.107 0.517767 4.956431e+07
78501.277 0.669278 3.753307e+07
78571.477 0.653214 1.188767e+07
78571.777 0.415791 1.193867e+07
78572.677 0.475143 1.009571e+07
78622.437 0.603507 1.709514e+07
78622.657 0.500038 1.152377e+07
78622.757 0.654628 1.419660e+07
78645.817 0.523693 1.006706e+07
78654.197 0.440055 7.064823e+06
78654.557 0.339301 8.449250e+06
78670.077 0.359900 5.372133e+06
78670.197 0.371286 3.791924e+06
78815.357 0.529508 3.572289e+07
78858.067 0.785720 2.328838e+08
78858.237 0.689818 2.305999e+08
78858.477 0.504148 1.972790e+08
78902.187 0.710813 2.056906e+10
78902.317 0.870049 2.049076e+10
78902.437 0.661888 2.910529e+10
78984.427 0.750394 5.877049e+08
78985.077 0.640447 6.197537e+08
79025.347 0.579398 1.804904e+08
79076.397 0.646520 1.018398e+09
79076.427 0.768962 9.299207e+08
79077.107 0.524987 7.323974e+08
79125.077 0.485688 6.101345e+07
79125.207 0.400825 6.288673e+07
79169.477 0.635899 5.761133e+07
79169.557 0.446528 6.680605e+07
79206.317 0.835264 2.650978e+09
79206.357 0.762735 2.264286e+09
79206.797 0.629027 1.667329e+09
79242.717 0.329404 1.448889e+08
79380.827 0.544198 6.517854e+06
79407.817 0.412511 6.631541e+06
79407.937 0.634494 7.623149e+06
79408.247 0.337878 9.202429e+06
79431.517 0.568263 1.982906e+07
79431.597 0.778765 1.815570e+07
79431.747 0.535642 1.736614e+07
79478.917 0.541897 4.034105e+06
79495.977 0.365615 1.140367e+07
79496.067 0.569786 8.537821e+06
79496.997 0.526446 5.912281e+06
79513.107 0.677246 1.035413e+07
79513.457 0.478149 1.327669e+07
79513.617 0.439079 8.012977e+06
79541.137 0.443863 4.587784e+06
79570.457 0.329682 3.404953e+06
79570.597 0.486651 3.151325e+06
79584.397 0.758428 4.473372e+06
79584.497 0.444553 2.844783e+06
79584.657 0.513105 3.754893e+06
79612.897 0.448702 4.813029e+06
79689.957 0.559316 4.971324e+06
79690.067 0.532115 8.331787e+06
79690.197 0.357571 4.982299e+06
79705.717 0.614023 1.055722e+07
79705.877 0.535797 1.156715e+07
79718.717 0.308276 5.348774e+06
79765.777 0.531178 5.947447e+08
79766.117 0.774732 4.616577e+08
79766.497 0.391716 4.690927e+08
79820.297 0.340041 1.556712e+07
79853.937 0.677815 4.545093e+08
79854.007 0.732265 5.601988e+08
79854.477 0.484249 3.395735e+08
79922.787 0.515240 2.531460e+07
79922.797 0.408128 3.323130e+07
79922.997 0.395851 4.275073e+07
79948.697 0.315386 4.578053e+06
80009.137 0.595007 3.252704e+08
80009.187 0.697917 2.504065e+08
80009.637 0.680561 2.035996e+08
80049.677 0.414815 5.380501e+06
80063.957 0.446584 5.385628e+06
80088.357 0.686878 8.331763e+06
80088.387 0.498229 1.036481e+07
80116.897 0.635522 8.567620e+06
80117.057 0.396068 1.170349e+07
80117.297 0.438186 8.634128e+06
80130.277 0.406215 4.234586e+06
80175.477 0.325732 4.039837e+06
80195.317 0.681647 3.063741e+06
80197.427 0.477683 3.033038e+06
80239.637 0.565651 3.705859e+06
80239.757 0.375354 4.534363e+06
80313.297 0.380551 5.954746e+08
80313.317 0.692076 7.631160e+08
80313.357 0.919644 8.349949e+08
80429.107 0.783328 6.220425e+06
80489.297 0.637538 6.462263e+06
80506.057 0.520089 5.421167e+06
80506.277 0.351325 4.648099e+06
80538.957 0.627286 1.432936e+07
80539.157 0.621452 1.250713e+07
80539.297 0.492146 1.169163e+07
80581.677 0.543171 2.798112e+06
80632.477 0.417870 1.402275e+07
80634.317 0.588300 1.398696e+07
80688.277 0.556697 9.609505e+07
80688.537 0.627791 8.394614e+07
80689.007 0.825567 8.843828e+07
80740.437 0.659882 4.322929e+06
80740.527 0.500172 4.527886e+06
80790.147 0.765400 5.555256e+06
80790.147 0.608696 5.325948e+06
80790.197 0.904228 4.476488e+06
80814.497 0.364035 2.278257e+07
80814.647 0.780478 2.232200e+07
80815.077 0.457274 2.292025e+07
80834.347 0.313806 5.714757e+06
80834.377 0.332835 6.400853e+06
80857.777 0.485268 1.804234e+07
80858.017 0.559991 1.828141e+07
80858.497 0.396809 1.308117e+07
80924.197 0.719860 2.088098e+06
80936.477 0.365696 4.124126e+06
80936.697 0.363842 4.407374e+06
80949.187 0.462563 4.533591e+06
80949.357 0.326707 4.169283e+06
80964.567 0.656395 4.465852e+06
80979.727 0.477187 7.144219e+06
80979.937 0.520123 1.160265e+07