75938.97 0.636990 2.960959e+08
76612.34 0.312198 1.346973e+08
76646.89 0.416393 1.642346e+08
76671.73 0.320133 2.845411e+08
77217.71 0.738273 1.426482e+08
77252.33 0.479583 2.175830e+08
77305.63 0.593782 1.565568e+08
77367.28 0.402775 1.388645e+08
78236.35 0.428746 1.356468e+08
78462.73 0.317942 8.793197e+07
79633.21 0.510716 2.806044e+08
79656.68 0.465557 1.724774e+08
79699.21 0.562195 3.716631e+08
79716.90 0.402583 3.500289e+08
79800.74 0.522821 3.902752e+08
79901.25 0.537366 2.391476e+08
80590.31 0.477386 1.514410e+08
80819.43 0.688914 1.777983e+08
80868.23 0.501494 1.694801e+08