75737.71 0.396094 1.204817e+07
76368.35 0.515668 1.388334e+07
76403.75 0.359473 1.288886e+07
76448.55 0.339368 1.702581e+07
77692.01 0.494838 1.500302e+07
77692.05 0.319443 1.536676e+07
77835.70 0.310830 2.927177e+08
78300.27 0.307342 2.182586e+08
78302.27 0.343880 2.919505e+08
78597.51 0.441034 1.411598e+07
78938.35 0.324581 5.959833e+08
78939.47 0.363277 8.182979e+08
79604.57 0.889204 2.440726e+07
80082.00 0.845301 1.341325e+07
80082.02 0.748191 1.283477e+07
80666.89 0.332384 1.309819e+07
80997.07 0.517121 1.190192e+07