77844.530 0.523452 1.610595e+09
77844.619 0.675104 1.565157e+09
77844.709 0.544128 1.499100e+09
78060.190 0.727946 1.414589e+07
78310.190 0.725076 1.940257e+09
78310.349 0.671283 1.704205e+09
78310.389 0.550513 1.470735e+09
78515.249 0.300548 1.383959e+07
78881.139 0.315857 4.394182e+06
78928.610 0.321466 3.202396e+08
78947.350 0.373149 7.241712e+08
79099.329 0.313039 3.755319e+07
79120.950 0.383903 5.613348e+07
79121.229 0.618333 7.218420e+07
79251.579 0.506956 1.478727e+08
79251.669 0.642393 1.611156e+08
79251.790 0.626171 1.634919e+08
79811.309 0.312325 2.284080e+07
79811.390 0.665645 3.291633e+07
79877.469 0.395693 7.314053e+06
79899.759 0.398382 2.135051e+07
79899.760 0.667387 2.033382e+07
80054.929 0.314139 1.023060e+07
80336.709 0.668648 1.476909e+07
80358.829 0.517452 3.224811e+07