75798.627 0.330235 2.433083e+06
75830.997 0.346680 3.636577e+06
76036.377 0.302561 3.397262e+06
77356.097 0.384178 3.345359e+06
77596.057 0.384670 3.014025e+06
77824.697 0.514550 3.856032e+08
77824.707 0.625985 3.378706e+08
77824.957 0.530984 4.495920e+08
78223.987 0.351117 4.908765e+06
78290.187 0.645658 3.128392e+08
78290.347 0.566314 2.928378e+08
78290.877 0.507248 4.891177e+08
78840.137 0.408255 3.042148e+06
78927.517 0.668222 3.280333e+08
78927.637 0.411924 3.046959e+08
78928.037 0.392403 2.786983e+08
79232.577 0.375703 4.942625e+07
79233.557 0.453947 4.389120e+07
80103.717 0.403148 3.684889e+06
80339.797 0.503250 2.135311e+07
80340.177 0.337092 1.790850e+07
80839.057 0.421144 4.347246e+06