77778.02 0.406348 2.331452e+06
77779.85 0.439979 1.717030e+06
77832.09 0.477559 1.625033e+09
78034.35 0.846776 1.369608e+07
78047.95 0.432907 1.653070e+07
78048.19 0.400399 3.160688e+07
78296.47 0.555454 9.756947e+08
78296.79 0.811071 1.450721e+09
78297.87 0.460370 2.316231e+09
78849.11 0.501988 2.879392e+06
78891.19 0.358929 1.093700e+07
78934.91 0.390991 1.446887e+09
79108.53 0.374566 1.396783e+08
79109.15 0.517684 7.536353e+07
79237.91 0.437958 1.824666e+08
79801.55 0.320271 3.297774e+07
79887.57 0.442693 4.028768e+07
79887.63 0.384334 2.953697e+07
80042.87 0.335028 1.812072e+07
80574.46 0.365646 1.610779e+06
80832.53 0.387369 2.352100e+06
80847.88 0.321224 2.762146e+06