77820.619 0.639311 3.119542e+08
77820.649 0.575237 2.557281e+08
77820.660 0.649465 3.439063e+08
77841.869 0.545582 1.499100e+09
78286.169 0.634911 2.511942e+08
78286.260 0.786732 3.395982e+08
78286.269 0.545856 3.264936e+08
78880.769 0.326663 3.892539e+06
78880.940 0.678767 5.811015e+06
78924.970 0.854810 3.202396e+08
79228.909 0.427246 5.292052e+07
79229.050 0.809915 7.842710e+07
79788.749 0.395821 5.308877e+06
79788.909 0.624148 7.850458e+06
79789.080 0.827976 8.719161e+06
79877.390 0.760195 8.570888e+06
80031.789 0.404824 3.956865e+06
80032.349 0.377411 3.225723e+06
80032.470 0.731375 3.621820e+06
80054.830 0.362313 9.382176e+06
80334.669 0.533760 1.476909e+07
80334.780 0.426733 2.024731e+06
80336.290 0.315922 1.313058e+07
80711.870 0.700713 2.004637e+06
80734.030 0.727716 3.269948e+06