77323.13 0.682273 4.703759e+06
77748.71 0.452415 5.127613e+06
77748.87 0.393255 9.158746e+06
77804.18 0.425930 8.662916e+09
77804.49 0.315282 1.627985e+10
78019.74 0.541161 9.908692e+07
78019.79 0.375874 1.929412e+08
78020.42 0.774099 1.846107e+08
78154.59 0.641151 6.619551e+06
78212.69 0.332466 7.198792e+06
78229.34 0.516035 8.291592e+06
78229.52 0.630139 1.698802e+07
78229.53 0.604341 1.291094e+07
78269.65 0.523290 7.886593e+09
78269.71 0.414422 1.939712e+10
78269.98 0.445203 1.162301e+10
78473.67 0.470645 1.409892e+07
78505.61 0.406294 1.285964e+07
78505.87 0.782118 1.828448e+07
78506.11 0.498099 1.026719e+07
78506.58 0.704864 2.487521e+07
78582.27 0.305599 8.145214e+06
78626.41 0.489999 4.215439e+06
78626.51 0.431318 6.561257e+06
78627.06 0.771276 8.069976e+06
78819.73 0.348054 9.910344e+06
78819.85 0.488254 2.134026e+07
78819.91 0.405729 1.311706e+07
78862.82 0.360256 8.564560e+07
78863.35 0.425095 9.159250e+07
78863.79 0.524838 1.470923e+08
78906.78 0.561396 9.503532e+09
78907.03 0.639362 4.104606e+09
78988.82 0.537277 3.796247e+08
79029.61 0.310864 1.495232e+08
79081.01 0.535408 3.113954e+08
79081.47 0.439873 5.011366e+08
79081.87 0.585609 7.080509e+08
79174.27 0.713521 3.754257e+07
79211.25 0.386900 9.723069e+08
79211.43 0.696711 1.854281e+09
79211.69 0.483843 1.359622e+09
79412.38 0.590241 6.833295e+06
79437.11 0.439702 7.595700e+06
79437.21 0.625363 1.076509e+07
79501.07 0.778235 4.048254e+06
79517.59 0.423952 6.537029e+06
79518.07 0.406231 4.959301e+06
79623.55 0.500337 6.026451e+06
79695.43 0.345759 5.765725e+06
79711.47 0.520997 6.049003e+06
79770.85 0.333927 2.264455e+08
79771.27 0.378732 8.994531e+07
79771.94 0.320981 1.696478e+08
79859.59 0.393695 1.426606e+08
79859.69 0.481112 1.345687e+08
79860.07 0.510482 2.255140e+08
79860.35 0.348399 2.266931e+08
79926.95 0.339523 2.224891e+07
79927.42 0.654481 2.115366e+07
79928.31 0.394421 1.287016e+07
80014.35 0.361077 5.933364e+07
80014.82 0.337743 6.331990e+07
80015.51 0.338672 1.246078e+08
80092.97 0.563295 5.415412e+06
80093.15 0.369616 5.444577e+06
80122.25 0.331308 3.022812e+06
80122.86 0.466481 4.366660e+06
80123.11 0.495528 5.071910e+06
80124.13 0.339255 2.983656e+06
80317.93 0.431332 4.023176e+08
80318.29 0.532832 5.918075e+08
80318.85 0.452925 2.884831e+08
80499.25 0.343893 3.194648e+06
80543.95 0.758293 5.244232e+06
80544.31 0.679626 8.533142e+06
80544.91 0.485685 4.422182e+06
80637.39 0.419131 7.052702e+06
80693.43 0.520608 2.907221e+07
80693.81 0.391282 3.988731e+07
80694.04 0.753921 2.034797e+07
80705.81 0.332974 2.010440e+07
80820.23 0.300263 2.246050e+07
80820.63 0.781227 1.065846e+07
80863.15 0.642062 3.186752e+06
80863.38 0.517009 6.399694e+06
80863.42 0.614157 7.876849e+06
80876.27 0.527631 4.289966e+06
80940.63 0.320264 4.008182e+06
80983.97 0.361247 3.239924e+06
80984.56 0.682459 3.742210e+06
80985.36 0.397745 4.158989e+06