76224.98 0.618722 5.566436e+06
76938.03 0.446636 4.782312e+06
76938.13 0.543136 5.824906e+06
76938.19 0.718982 5.118581e+06
76975.94 0.845069 6.197564e+06
76975.95 0.720875 4.845098e+06
77480.74 0.421366 9.284184e+06
77480.75 0.592855 1.169709e+07
77480.81 0.818211 8.587656e+06
77825.31 0.678537 2.970362e+08
77825.34 0.663186 2.486573e+08
77825.55 0.571408 2.533275e+08
78215.69 0.723812 5.721942e+06
78215.73 0.889540 1.258802e+07
78215.76 0.896926 8.413780e+06
78290.86 0.762606 2.788805e+08
78290.97 0.759975 2.398547e+08
78291.07 0.578700 3.357886e+08
78927.87 0.497489 7.589149e+08
78927.87 0.479262 4.798136e+08
78928.19 0.690120 7.514859e+08
79190.99 0.465798 2.116326e+07
79191.05 0.503343 3.362098e+07
79191.18 0.503035 2.448339e+07
79231.89 0.334476 8.680895e+06
79232.31 0.437232 6.818155e+07
79232.47 0.326419 6.074323e+07
79232.51 0.563974 6.017141e+07
79545.50 0.778140 6.710245e+06
79792.03 0.495756 1.117044e+07
79792.11 0.735377 1.090001e+07
79792.23 0.686736 8.090162e+06
79879.97 0.485635 8.358946e+06
79880.25 0.318813 9.145899e+06
79880.50 0.327452 7.581446e+06
79892.01 0.356122 9.905351e+06
79954.02 0.486470 4.773312e+06
79984.11 0.372105 4.446247e+06
80059.87 0.338130 5.886117e+06
80189.94 0.536968 6.186913e+06
80189.97 0.735701 4.288776e+06
80339.25 0.324986 1.152823e+07
80339.58 0.724728 1.956868e+07
80339.67 0.811152 1.458711e+07
80425.06 0.373357 2.282168e+07
80502.49 0.909337 1.096336e+07
80506.42 0.813605 1.797503e+07
80506.72 0.339294 1.113134e+07
80618.94 0.732001 6.763733e+06
80618.98 0.973665 2.454244e+07
80619.01 0.877852 6.950289e+06