77815.05 0.753131 5.795099e+08
77815.05 0.760775 5.920444e+08
77815.07 0.766324 8.130278e+08
78030.83 0.535015 1.220437e+07
78030.95 0.694264 1.369608e+07
78031.22 0.563737 1.879505e+07
78280.49 0.667020 5.486766e+08
78280.50 0.616562 5.534637e+08
78280.50 0.845993 5.083286e+08
78830.70 0.884054 1.623549e+06
78830.97 0.586181 1.427474e+06
78831.39 0.404189 2.333386e+06
78845.30 0.313125 2.242633e+06
78873.99 0.839669 8.710537e+06
78874.03 0.804858 9.657217e+06
78874.39 0.715446 8.481863e+06
78917.41 0.426654 5.214721e+08
78917.55 0.502845 3.600830e+08
78917.70 0.549264 6.056613e+08
79092.09 0.730445 4.048728e+07
79092.11 0.628529 4.010116e+07
79092.43 0.315815 4.205490e+07
79221.79 0.716766 8.288650e+07
79221.87 0.868635 1.044095e+08
79221.97 0.475914 9.507965e+07
79781.39 0.682748 1.309972e+07
79781.49 0.855718 1.411484e+07
79781.50 0.924843 1.626081e+07
79797.51 0.375185 3.297774e+07
79869.77 0.756665 1.803977e+07
79869.79 0.619981 1.559210e+07
79870.10 0.365842 1.632558e+07
80024.91 0.547891 8.299986e+06
80024.99 0.783120 7.606934e+06
80025.05 0.873103 1.043649e+07
80041.06 0.420239 9.975455e+06
80328.85 0.908392 2.566646e+07
80328.85 0.898688 2.365103e+07
80328.85 0.860044 2.468048e+07
80704.55 0.653086 2.966632e+06
80704.60 0.699748 3.794994e+06
80704.83 0.535192 3.946440e+06
80830.25 0.309458 2.105126e+06
80830.37 0.479623 2.352100e+06