75906.11 0.504414 6.305724e+06
75906.19 0.313821 5.210345e+06
75944.23 0.800862 9.070887e+06
75944.27 0.518261 6.972091e+06
76693.57 0.566708 1.082639e+07
76955.69 0.405333 8.618442e+06
76956.03 0.565063 1.003711e+07
77383.43 0.305837 8.684978e+06
77624.36 0.514759 9.775522e+06
77821.90 0.645617 1.593771e+09
77821.96 0.600801 1.379373e+09
78036.99 0.669398 2.394617e+07
78037.35 0.620919 2.582910e+07
78041.11 0.414382 3.800672e+07
78287.47 0.787416 7.918059e+08
78287.69 0.630057 1.031582e+09
78880.21 0.595391 2.223402e+07
78880.31 0.653277 1.981195e+07
78924.54 0.392821 1.962538e+09
78924.63 0.344982 1.241262e+09
79098.14 0.467256 1.145437e+08
79098.25 0.705763 1.359976e+08
79228.38 0.637206 2.184871e+08
79228.40 0.825512 1.880462e+08
79228.67 0.525744 1.134762e+08
79788.03 0.589340 3.955741e+07
79788.06 0.825435 3.337484e+07
79788.35 0.503999 1.926431e+07
79866.25 0.308766 2.346646e+07
79876.19 0.600933 4.318861e+07
79876.46 0.553083 4.882709e+07
79880.11 0.553787 2.681561e+07
80031.51 0.526759 2.054939e+07
80031.87 0.660162 2.610581e+07
80335.25 0.358338 2.657943e+07
80335.51 0.602695 8.287685e+07
80335.79 0.328766 9.197527e+07
80724.69 0.344128 7.413919e+06