77806.067 0.814804 4.988513e+08
77806.067 0.774672 6.724353e+08
77806.137 0.881984 7.641649e+08
78021.717 0.515176 2.413725e+07
78021.857 0.384395 2.539117e+07
78022.037 0.381869 2.023881e+07
78271.737 0.853230 4.721056e+08
78271.737 0.870931 4.457331e+08
78271.747 0.917103 5.058665e+08
78864.677 0.436936 1.503709e+07
78864.757 0.705248 1.178913e+07
78864.787 0.842465 1.177122e+07
78908.757 0.645822 1.092781e+09
78908.777 0.445523 2.941522e+09
78908.917 0.560846 1.874035e+09
79083.887 0.358942 6.678097e+07
79212.917 0.690858 1.352647e+08
79212.937 0.841637 1.132026e+08
79212.937 0.828259 1.369042e+08
79772.507 0.782133 2.800668e+07
79772.627 0.703003 2.827443e+07
79772.737 0.841358 2.606019e+07
79860.837 0.509849 1.739738e+07
79860.897 0.305174 3.281537e+07
79860.997 0.505637 2.137705e+07
80015.957 0.555823 8.617887e+06
80015.957 0.627342 1.107890e+07
80016.057 0.813922 1.126568e+07
80320.027 0.820230 3.906736e+07
80320.057 0.914251 3.582853e+07
80320.077 0.582121 3.976331e+07
80695.957 0.361440 6.807451e+06