75603.92 0.781320 5.168909e+07
75603.95 0.384006 5.514364e+07
75628.71 0.789908 1.694933e+08
75713.13 0.502627 4.742117e+07
75713.15 0.717122 5.994109e+07
75718.53 0.339922 5.535731e+07
75753.34 0.690550 5.778334e+07
75844.99 0.347736 1.479463e+07
75881.22 0.317436 6.363484e+07
75881.27 0.460284 8.595159e+07
75979.03 0.509213 1.190757e+08
75979.05 0.551277 6.468531e+07
76045.83 0.321487 5.154528e+07
76045.83 0.516641 8.415575e+07
76045.85 0.340089 6.058823e+07
76170.91 0.441516 5.106159e+07
76211.13 0.945125 1.509047e+08
76211.17 0.767607 1.622667e+08
76264.91 0.377910 6.481789e+07
76368.63 0.332271 6.382698e+07
76431.83 0.364003 2.039774e+07
76435.62 0.541263 5.598421e+07
76435.65 0.565092 4.240696e+07
76435.66 0.822570 1.000353e+08
76441.39 0.566002 6.087924e+07
76526.85 0.661153 7.150126e+07
76526.85 0.818986 5.998796e+07
76526.95 0.381528 5.619142e+07
76552.87 0.582945 6.287642e+07
76552.97 0.613689 7.923152e+07
76659.91 0.514778 1.026948e+08
76660.87 0.430441 1.354774e+08
76902.51 0.672079 1.506416e+08
76902.57 0.380522 2.036313e+08
76955.51 0.307531 3.772184e+07
76976.43 0.491205 2.849627e+07
77181.20 0.611037 2.039810e+07
77352.78 0.684717 1.743744e+07
77477.87 0.475248 1.761202e+08
77566.09 0.520603 4.539515e+07
77740.85 0.388089 2.188370e+07
77748.99 0.351572 9.828141e+06
77759.71 0.650203 2.832193e+07
77849.71 0.327014 9.117396e+08
78047.95 0.301712 3.022828e+07
78066.03 0.324579 2.447014e+07
78075.11 0.645722 4.000742e+07
78075.17 0.392847 4.362330e+07
78119.02 0.534912 8.388182e+07
78131.53 0.826830 2.878999e+07
78140.75 0.317189 5.352871e+07
78141.33 0.502137 6.263083e+07
78315.81 0.399885 1.167411e+09
78598.37 0.510857 1.871449e+07
78676.32 0.361521 2.149551e+07
78725.01 0.882353 6.568940e+07
78725.15 0.424055 3.253109e+07
79233.71 0.473851 1.320756e+08
79252.66 0.300262 9.299612e+08
79299.88 0.539357 1.357737e+08
79310.31 0.302203 4.120047e+08
79367.05 0.499369 2.461081e+07
79371.81 0.317154 2.121732e+07
79395.09 0.436269 3.496063e+07
79402.75 0.855225 9.250092e+07
79402.78 0.755483 2.760463e+07
79602.37 0.485973 1.092825e+08
79602.41 0.308437 2.195396e+08
79606.23 0.386734 6.925009e+07
79724.55 0.684678 2.866761e+08
79776.42 0.624780 1.193455e+07
79856.07 0.378210 5.861127e+08
79867.34 0.588033 9.079040e+08
79867.36 0.827392 1.097853e+09
80108.89 0.516441 2.589483e+07
80240.01 0.471496 1.001921e+07
80261.46 0.354727 1.431255e+07
80324.94 0.614615 2.239190e+08
80331.79 0.380072 3.180909e+08
80363.57 0.405514 6.549090e+07
80384.67 0.725734 7.729367e+07
80384.69 0.406245 4.413811e+07
80385.20 0.751146 6.190292e+07
80413.23 0.484568 2.095707e+07
80571.47 0.323851 1.384845e+07
80638.55 0.700122 5.453458e+07
80638.63 0.354650 4.839976e+07
80644.35 0.501916 7.199124e+07
80648.11 0.400772 5.977592e+07
80757.67 0.687368 2.915196e+07
80772.50 0.432385 1.695618e+07
80804.27 0.339584 1.266813e+07
80827.15 0.356934 5.373547e+07
80895.82 0.604596 1.981856e+07