75601.77 0.301953 5.514364e+07
75601.86 0.362293 5.168909e+07
75626.07 0.684610 8.200526e+07
75626.10 0.946243 1.694933e+08
75709.63 0.333999 5.535731e+07
75709.67 0.486464 5.994109e+07
75749.99 0.443316 5.778334e+07
76039.78 0.308354 6.058823e+07
76209.35 0.584099 1.509047e+08
76372.15 0.494370 6.382698e+07
76432.43 0.481077 1.000353e+08
76441.41 0.759992 5.098850e+07
76522.93 0.951943 5.998796e+07
76655.63 0.602437 1.354774e+08
76655.71 0.430655 1.026948e+08
76782.55 0.330234 8.472567e+07
76972.49 0.578181 4.002065e+07
77058.89 0.476008 2.895880e+07
77352.31 0.691598 3.120218e+07
77739.57 0.510936 7.232306e+07
77739.61 0.848863 2.188370e+07
77748.90 0.489826 1.957189e+07
77755.06 0.811428 2.832193e+07
77824.22 0.672382 4.197552e+08
77824.35 0.408509 1.937461e+07
77824.59 0.306782 1.587266e+07
77825.15 0.303218 4.468951e+08
77825.27 0.387839 3.056231e+08
78130.05 0.519670 2.878999e+07
78140.53 0.649989 5.352871e+07
78140.54 0.429723 5.668555e+07
78140.70 0.644739 8.747298e+07
78226.57 0.384708 1.634918e+07
78289.91 0.769539 3.500397e+08
78290.43 0.449155 2.773120e+08
78290.59 0.367809 3.804390e+08
78596.83 0.449655 1.871449e+07
78724.39 0.356734 3.253109e+07
78724.41 0.854125 6.568940e+07
78821.31 0.342866 1.769230e+08
78926.89 0.833534 8.460289e+08
79241.73 0.415213 7.858427e+08
79296.77 0.813085 1.781335e+08
79323.97 0.300751 6.954561e+07
79363.46 0.304322 2.468716e+07
79407.95 0.415200 1.582160e+07
79599.43 0.414432 1.092825e+08
79599.47 0.340679 2.243561e+07
79599.83 0.351542 6.288462e+07
79601.93 0.358907 9.514998e+07
79602.39 0.497268 2.195396e+08
79862.33 0.353934 6.100605e+08
79866.71 0.697839 9.079040e+08
79931.15 0.376810 3.963108e+07
80105.27 0.649954 3.922790e+07
80236.30 0.488185 1.105907e+07
80321.13 0.347071 2.248997e+08
80331.21 0.556458 3.308269e+08
80380.07 0.617946 7.729367e+07
80383.23 0.344560 6.190292e+07
80595.84 0.846840 2.034853e+07
80595.88 0.928897 2.635040e+07
80595.89 0.705147 2.032416e+07
80634.25 0.605347 5.453458e+07
80638.52 0.733404 1.112600e+08
80638.53 0.497492 7.199124e+07
80644.23 0.481015 5.977592e+07
80644.30 0.559307 8.565448e+07
80771.83 0.559452 1.695618e+07
80827.12 0.313867 5.373547e+07
80947.11 0.408329 1.480435e+07
80975.85 0.380548 1.868741e+08
80990.54 0.443552 2.756601e+08
80992.65 0.346741 4.645186e+08