75606.24 0.547016 4.747876e+07
75606.41 0.351911 4.590352e+07
75606.51 0.531306 4.546677e+07
75700.52 0.325359 1.926187e+08
75701.07 0.306342 1.787507e+08
75800.97 0.353864 6.611515e+07
75877.02 0.350528 2.211629e+08
75928.78 0.301677 1.237181e+08
75929.03 0.400357 1.369864e+08
75958.31 0.555688 2.687975e+08
75970.61 0.490391 1.936948e+08
75987.29 0.334705 1.076878e+08
76049.70 0.676061 1.099214e+08
76049.71 0.522387 1.400119e+08
76134.06 0.594626 3.993628e+07
76165.55 0.627019 1.105868e+08
76174.71 0.464903 9.848307e+07
76174.71 0.525717 1.262998e+08
76175.99 0.422628 1.194410e+08
76207.09 0.816078 6.273991e+08
76208.83 0.512702 1.784648e+08
76229.99 0.450268 1.307847e+08
76230.35 0.552243 3.919770e+08
76231.87 0.551221 8.853004e+07
76238.51 0.371467 1.293258e+08
76284.64 0.488681 1.676511e+08
76334.31 0.495698 1.219805e+08
76348.94 0.364307 1.024049e+08
76352.83 0.500216 6.645306e+07
76596.46 0.570402 1.301232e+08
76614.05 0.420238 2.854824e+07
76762.31 0.323790 2.653131e+08
76799.15 0.566862 5.225425e+07
76799.28 0.836074 6.789917e+07
76809.35 0.338441 5.387491e+07
76817.50 0.603073 6.127174e+07
76818.05 0.639936 4.985875e+07
76829.47 0.728355 4.896213e+07
76829.51 0.470603 2.799894e+07
76858.32 0.772864 5.680971e+07
76858.34 0.808280 9.823253e+07
76858.55 0.530423 3.592220e+07
77020.77 0.340667 1.405189e+08
77020.77 0.326708 1.174728e+08
77026.65 0.320323 2.795766e+08
77027.04 0.405208 2.166760e+08
77149.82 0.365610 5.008847e+08
77194.03 0.345543 2.629876e+07
77220.33 0.584556 7.838984e+07
77313.58 0.784390 7.391561e+07
77313.67 0.585624 8.469104e+07
77376.72 0.880550 4.842494e+07
77376.76 0.630915 5.630668e+07
77377.00 0.823963 4.572457e+07
77425.47 0.362558 3.698236e+07
77499.82 0.359229 7.001045e+07
77564.87 0.523735 2.799557e+07
77565.77 0.366892 2.303269e+07
77739.23 0.607034 3.495182e+08
77739.27 0.824955 2.204896e+08
77739.35 0.921306 2.958214e+08
77795.89 0.831957 5.189604e+11
77795.90 0.677876 3.908668e+11
77906.45 0.324796 3.600175e+08
78011.33 0.910388 6.584378e+09
78011.35 0.783079 5.335635e+09
78011.35 0.540940 3.864662e+09
78056.49 0.398047 1.626381e+08
78074.83 0.473706 5.374215e+07
78075.17 0.308456 3.898760e+07
78083.88 0.654411 6.636778e+07
78084.35 0.467095 5.622718e+07
78084.47 0.309642 3.901531e+07
78096.46 0.427481 9.153614e+07
78097.03 0.791011 7.930755e+07
78097.79 0.401810 8.546389e+07
78131.90 0.545653 2.336730e+08
78132.01 0.422779 2.011900e+08
78136.51 0.556745 3.547844e+08
78145.35 0.939291 4.045176e+08
78145.36 0.851582 2.881808e+08
78153.11 0.697535 3.023238e+08
78197.04 0.879650 1.503531e+08
78197.11 0.463152 8.580713e+07
78197.14 0.711741 1.004820e+08
78204.35 0.610243 1.832583e+08
78204.49 0.540553 1.822978e+08
78221.06 0.872546 8.590951e+08
78221.12 0.706293 5.488767e+08
78221.15 0.656409 4.087179e+08
78261.67 0.823663 5.625684e+11
78261.68 0.823404 5.232639e+11
78261.83 0.312826 1.635143e+11
78294.35 0.376637 6.774689e+09
78373.04 0.731050 6.366775e+08
78373.25 0.585013 6.993483e+08
78385.65 0.334750 3.212827e+08
78391.05 0.374056 4.941799e+08
78391.71 0.421983 3.789651e+08
78406.18 0.304273 5.030825e+08
78406.19 0.638109 5.009289e+08
78410.19 0.583214 7.602528e+08
78410.42 0.639911 3.010777e+08
78427.95 0.471979 2.030542e+08
78448.33 0.336454 1.328617e+08
78464.53 0.771086 2.489214e+08
78464.67 0.760543 1.886862e+08
78464.93 0.314117 1.714898e+08
78496.91 0.683758 8.856620e+08
78497.03 0.926981 1.338379e+09
78497.17 0.624036 7.611568e+08
78527.87 0.465900 5.795163e+07
78527.99 0.696697 1.316272e+08
78528.01 0.782294 9.195094e+07
78553.23 0.628217 1.147154e+08
78553.29 0.726381 1.382141e+08
78554.26 0.669916 8.034947e+07
78567.03 0.893025 2.771410e+08
78567.07 0.842789 1.781855e+08
78573.51 0.731298 2.512892e+08
78573.51 0.767526 3.608090e+08
78573.70 0.700471 1.469116e+08
78590.57 0.458307 1.462439e+08
78590.73 0.880253 1.518302e+08
78590.83 0.614636 9.095360e+07
78600.09 0.875693 1.427554e+08
78600.12 0.788243 7.906176e+07
78600.23 0.576553 1.048801e+08
78618.04 0.863006 4.951086e+08
78618.05 0.394521 4.043913e+08
78618.12 0.854724 3.103913e+08
78641.08 0.848090 1.465495e+08
78641.24 0.827550 1.439488e+08
78650.73 0.651341 1.705367e+08
78650.80 0.739612 1.194448e+08
78650.99 0.445244 8.216488e+07
78666.28 0.712420 5.904760e+07
78666.74 0.496139 4.608207e+07
78683.31 0.754707 8.319422e+07
78692.54 0.502738 8.618571e+07
78693.15 0.554260 9.983600e+07
78693.35 0.398039 7.715541e+07
78707.59 0.518716 4.946197e+07
78708.87 0.659475 6.721179e+07
78749.21 0.326674 4.105716e+08
78758.37 0.386413 1.273474e+08
78774.31 0.432755 2.144020e+08
78774.36 0.726922 1.347833e+08
78810.91 0.418087 8.729007e+08
78810.92 0.798476 1.424970e+09
78810.99 0.840703 8.278335e+08
78854.56 0.730501 6.782496e+09
78854.71 0.665442 5.033503e+09
78855.15 0.676741 4.103498e+09
78898.03 0.840738 3.073874e+11
78898.15 0.778953 2.998673e+11
78898.30 0.581206 1.340900e+11
78923.55 0.411483 7.068923e+10
78923.57 0.827731 1.478840e+11
78923.59 0.877877 1.150447e+11
78938.59 0.511541 1.508434e+10
78939.61 0.635934 4.414265e+10
78939.66 0.899425 2.865751e+10
78964.45 0.344884 3.547858e+09
78978.95 0.354132 7.762946e+09
78979.88 0.887322 1.906730e+10
78979.92 0.916615 1.043148e+10
79005.41 0.388595 1.373768e+09
79020.31 0.835122 4.235398e+09
79020.33 0.942342 6.552639e+09
79020.47 0.682316 3.562511e+09
79072.43 0.481392 3.545952e+10
79072.47 0.831120 3.604561e+10
79072.61 0.408041 2.077813e+10
79120.44 0.667227 1.769926e+09
79120.47 0.789975 1.271836e+09
79120.79 0.708497 1.008638e+09
79164.76 0.887180 2.731404e+09
79164.80 0.946769 1.480104e+09
79164.86 0.740592 1.318271e+09
79202.79 0.819476 1.095296e+11
79202.84 0.760253 7.818922e+10
79303.56 0.566423 2.054733e+08
79303.63 0.323946 1.996615e+08
79321.33 0.463932 1.323095e+08
79321.66 0.798398 1.872542e+08
79321.67 0.553805 1.930721e+08
79375.66 0.585028 1.352035e+08
79375.75 0.705382 1.494958e+08
79403.25 0.638953 2.873606e+08
79403.27 0.760823 1.454935e+08
79427.95 0.661033 3.679077e+08
79428.03 0.764912 4.000463e+08
79428.11 0.331139 1.675911e+08
79436.49 0.396250 3.119258e+08
79473.97 0.427168 1.263684e+08
79474.09 0.409224 1.040468e+08
79474.67 0.374557 1.041611e+08
79482.79 0.458835 1.031310e+08
79482.83 0.347476 2.566531e+08
79491.47 0.686537 3.326518e+08
79491.50 0.839413 1.956642e+08
79491.62 0.523416 1.621084e+08
79508.33 0.861816 4.308825e+08
79508.37 0.920962 3.920291e+08
79508.46 0.432211 2.468780e+08
79536.55 0.432046 1.140863e+08
79540.74 0.636571 1.438628e+08
79541.14 0.362022 1.467074e+08
79549.01 0.336548 1.104446e+08
79549.27 0.538871 7.831449e+07
79549.82 0.790289 1.548552e+08
79580.30 0.478620 8.714353e+07
79591.47 0.366533 8.593222e+07
79608.14 0.520102 1.026324e+08
79608.41 0.320839 9.350110e+07
79614.46 0.716114 1.641195e+08
79614.46 0.734572 1.430047e+08
79614.60 0.797140 1.261473e+08
79626.46 0.614542 2.049434e+08
79626.47 0.339058 1.309143e+08
79647.69 0.355765 7.025689e+07
79685.33 0.389022 8.269053e+07
79685.78 0.446971 1.079657e+08
79685.99 0.497824 9.018208e+07
79700.53 0.623868 2.075049e+08
79701.78 0.593316 2.204500e+08
79701.82 0.787691 2.293967e+08
79727.75 0.664208 3.257462e+08
79727.83 0.775032 1.968806e+08
79761.67 0.662470 5.742986e+09
79762.60 0.792083 1.910226e+10
79762.64 0.740431 1.993175e+10
79808.06 0.400366 2.136536e+08
79815.19 0.582675 3.617777e+08
79815.27 0.767202 2.645722e+08
79815.50 0.512661 2.227598e+08
79820.39 0.591644 3.824094e+08
79820.52 0.562639 2.456752e+08
79828.14 0.321930 2.218011e+08
79850.75 0.772732 1.301990e+10
79850.91 0.801206 1.354237e+10
79851.11 0.343173 6.043574e+09
79903.71 0.611056 2.788260e+08
79903.75 0.500023 3.044848e+08
79918.01 0.521907 8.644784e+08
79918.29 0.935666 1.398510e+09
79918.35 0.736074 9.753677e+08
79950.03 0.477760 7.756984e+07
79952.23 0.712575 4.385732e+07
79959.76 0.648380 7.573135e+07
79959.81 0.713595 7.679271e+07
80005.95 0.767718 5.371697e+09
80006.03 0.695389 5.531125e+09
80006.15 0.435088 3.077508e+09
80060.41 0.407796 1.608777e+08
80060.55 0.628048 1.018924e+08
80073.79 0.580237 1.585896e+08
80073.94 0.590071 9.771253e+07
80083.67 0.827448 2.556943e+08
80083.69 0.891051 2.014398e+08
80099.70 0.545014 5.645019e+07
80100.59 0.591479 7.483475e+07
80113.71 0.649469 1.574252e+08
80113.72 0.663926 1.568116e+08
80113.79 0.342336 8.539018e+07
80124.45 0.380460 6.486227e+07
80142.46 0.451660 4.494084e+07
80170.35 0.569669 1.299445e+08
80179.71 0.374606 2.687829e+08
80179.74 0.311914 1.749220e+08
80212.55 0.383831 1.202794e+08
80212.81 0.429650 1.291458e+08
80230.63 0.418191 4.057286e+07
80266.49 0.512217 9.034964e+07
80275.31 0.455860 6.479119e+07
80275.45 0.338634 9.469528e+07
80309.22 0.766570 1.185489e+10
80309.76 0.801922 2.843432e+10
80309.79 0.703785 3.030538e+10
80339.47 0.331016 3.266082e+08
80425.45 0.578430 1.613987e+08
80425.50 0.651082 1.555053e+08
80425.51 0.633825 1.056767e+08
80433.39 0.425220 7.724274e+07
80446.83 0.375924 2.951959e+07
80466.30 0.459350 6.071190e+07
80482.83 0.836490 8.629531e+07
80482.91 0.815882 1.285515e+08
80483.07 0.663430 7.032952e+07
80489.15 0.694511 1.480346e+08
80489.29 0.391509 1.160978e+08
80489.31 0.391965 6.498094e+07
80501.49 0.347937 5.893835e+07
80502.25 0.514078 8.306226e+07
80502.48 0.900990 7.904649e+07
80535.31 0.793517 2.496364e+08
80535.63 0.502036 3.158031e+08
80589.87 0.650497 2.785597e+07
80603.87 0.439586 7.246893e+07
80606.97 0.330031 4.438999e+07
80626.91 0.510929 3.157703e+08
80627.84 0.808832 3.538069e+08
80627.87 0.895868 4.871140e+08
80653.55 0.411853 1.018222e+08
80685.31 0.889261 2.281357e+09
80685.38 0.858572 1.637049e+09
80694.45 0.504134 8.910531e+08
80694.46 0.861957 1.945127e+09
80694.47 0.692162 1.303590e+09
80736.63 0.667750 9.996130e+07
80775.31 0.693534 6.051405e+07
80775.79 0.423776 6.578849e+07
80786.56 0.732155 8.407999e+07
80786.63 0.360726 6.373927e+07
80810.23 0.827150 1.552479e+09
80810.27 0.712678 1.770813e+09
80810.29 0.430637 9.100750e+08
80853.83 0.776429 1.985167e+08
80854.68 0.470666 2.605475e+08
80854.72 0.730915 2.807190e+08
80931.65 0.322392 9.874109e+07
80936.99 0.432132 1.546816e+08
80975.40 0.916571 1.564560e+08
80975.59 0.811843 1.171417e+08
80975.85 0.329263 1.094073e+08