75600.99 0.804672 4.546677e+07
75600.99 0.320432 4.747876e+07
75613.37 0.597530 3.056451e+07
75700.60 0.665059 1.787507e+08
75726.17 0.336463 1.029176e+08
75777.29 0.315898 1.802647e+07
75797.23 0.445977 6.611515e+07
75797.31 0.432825 3.364143e+07
75800.90 0.495704 6.453388e+07
75890.34 0.384087 1.277580e+08
75928.77 0.507112 1.237181e+08
75956.49 0.619331 2.687975e+08
75956.49 0.353259 2.011166e+08
75956.59 0.373865 3.838903e+08
75969.87 0.592212 1.319237e+08
75969.91 0.680664 1.936948e+08
75970.15 0.419785 2.804189e+08
75985.89 0.414421 1.076878e+08
76049.90 0.692742 2.161269e+08
76164.61 0.453759 1.105868e+08
76164.79 0.361893 1.017923e+08
76206.63 0.641875 3.561231e+08
76206.79 0.728161 1.784648e+08
76229.99 0.853105 1.365845e+08
76235.73 0.341250 8.277067e+07
76284.58 0.301034 1.676511e+08
76284.65 0.883373 3.172101e+08
76284.75 0.613493 1.129023e+08
76333.44 0.697079 1.219805e+08
76333.45 0.616312 1.147558e+08
76333.59 0.726589 2.272707e+08
76349.09 0.388927 2.445681e+08
76349.19 0.361121 9.165848e+07
76579.52 0.683158 1.032384e+08
76761.59 0.599176 3.440392e+08
76798.51 0.374339 6.789917e+07
76817.29 0.343014 4.991194e+07
76817.47 0.563651 4.985875e+07
76824.79 0.615637 2.799894e+07
76856.63 0.629673 9.823253e+07
76856.73 0.978252 6.066172e+07
77014.45 0.358192 6.655406e+07
77024.63 0.548254 1.174728e+08
77026.57 0.635405 2.795766e+08
77026.69 0.489669 2.166760e+08
77148.06 0.491439 5.008847e+08
77173.27 0.414366 7.359256e+07
77173.54 0.323304 7.382230e+07
77190.79 0.410538 8.016735e+07
77200.33 0.587263 8.308066e+07
77200.39 0.645973 1.008339e+08
77311.69 0.968889 9.226892e+07
77312.03 0.343046 7.391561e+07
77375.00 0.952587 4.572457e+07
77375.14 0.368523 4.842494e+07
77563.31 0.416595 2.902134e+07
77737.52 0.914337 2.204896e+08
77737.53 0.973663 3.495182e+08
77737.60 0.901620 2.958214e+08
77793.98 0.974123 1.488296e+11
77794.05 0.817153 5.189604e+11
77794.09 0.813598 3.908668e+11
78009.42 0.979416 3.864662e+09
78009.46 0.863088 6.584378e+09
78009.53 0.876087 9.600329e+09
78054.37 0.336566 1.626381e+08
78080.59 0.444149 4.450487e+07
78082.29 0.575025 5.622718e+07
78095.15 0.588724 9.153614e+07
78095.16 0.958283 8.776989e+07
78095.46 0.610030 7.930755e+07
78127.62 0.425613 2.336730e+08
78130.10 0.395909 1.081105e+08
78131.95 0.316413 1.096251e+08
78135.91 0.707157 3.547844e+08
78136.19 0.357053 2.011900e+08
78143.63 0.638263 2.719893e+08
78143.71 0.632807 2.881808e+08
78143.99 0.679526 4.045176e+08
78149.73 0.365119 1.517555e+08
78151.81 0.548649 3.023238e+08
78195.12 0.405171 1.004820e+08
78195.49 0.467066 8.580713e+07
78202.41 0.778120 1.813418e+08
78202.91 0.477354 1.832583e+08
78203.01 0.422191 1.822978e+08
78219.35 0.969236 4.087179e+08
78219.46 0.726871 8.590951e+08
78219.59 0.596279 5.488767e+08
78259.64 0.964662 1.635143e+11
78259.74 0.646695 5.625684e+11
78259.78 0.760356 5.232639e+11
78368.73 0.472789 2.457621e+08
78369.87 0.451498 6.993483e+08
78371.01 0.524036 6.083559e+08
78389.01 0.488496 3.789651e+08
78389.33 0.408244 4.239216e+08
78389.54 0.727849 4.941799e+08
78397.54 0.300933 2.116485e+08
78404.42 0.338618 3.070418e+08
78406.16 0.418830 7.602528e+08
78408.68 0.678899 3.010777e+08
78462.23 0.788615 2.489214e+08
78462.57 0.462115 1.886862e+08
78462.61 0.972522 1.714898e+08
78495.22 0.957931 7.611568e+08
78495.33 0.903107 1.338379e+09
78495.33 0.813047 8.856620e+08
78524.05 0.911646 2.442825e+08
78524.10 0.873322 1.654546e+08
78524.15 0.755194 1.341855e+08
78551.37 0.529272 1.147154e+08
78551.46 0.979044 8.559531e+07
78551.49 0.703558 1.382141e+08
78564.93 0.348691 2.771410e+08
78565.27 0.932543 1.796031e+08
78571.01 0.443128 3.608090e+08
78571.61 0.926937 1.469116e+08
78571.65 0.326523 2.512892e+08
78588.81 0.842394 9.095360e+07
78598.20 0.898506 7.906176e+07
78598.45 0.821606 1.048801e+08
78612.93 0.588273 4.951086e+08
78616.36 0.897476 4.043913e+08
78639.37 0.909868 1.125082e+08
78639.43 0.581896 1.465495e+08
78639.43 0.711963 1.439488e+08
78648.81 0.398707 1.194448e+08
78648.85 0.959117 8.216488e+07
78664.35 0.511541 5.904760e+07
78664.39 0.980077 4.750772e+07
78669.77 0.829877 4.265001e+07
78706.62 0.720460 4.946197e+07
78707.27 0.676235 6.721179e+07
78748.89 0.590495 1.313951e+08
78748.91 0.545717 2.734503e+08
78756.71 0.601812 1.273474e+08
78773.83 0.680002 1.347833e+08
78773.88 0.719866 2.144020e+08
78786.89 0.353421 8.328134e+07
78809.21 0.845628 8.278335e+08
78809.25 0.976574 8.729007e+08
78809.29 0.919445 1.424970e+09
78852.66 0.973895 4.103498e+09
78852.68 0.911548 6.782496e+09
78852.70 0.877553 5.033503e+09
78896.38 0.976504 1.340900e+11
78896.43 0.596892 2.998673e+11
78896.49 0.735634 3.073874e+11
78921.73 0.469330 1.478840e+11
78921.78 0.946103 7.068923e+10
78921.86 0.726027 1.150447e+11
78934.53 0.449041 2.865751e+10
78976.22 0.695729 1.903912e+09
78977.29 0.379863 1.043148e+10
78978.21 0.721178 7.762946e+09
79017.74 0.569438 5.513889e+08
79018.63 0.712276 4.235398e+09
79018.65 0.973819 3.562511e+09
79018.66 0.339813 6.552639e+09
79070.62 0.979616 2.077813e+10
79070.69 0.869803 3.545952e+10
79070.70 0.815150 4.529341e+10
79093.26 0.406005 4.365868e+09
79113.55 0.560294 1.769926e+09
79113.63 0.491595 1.271836e+09
79118.73 0.858182 1.008638e+09
79163.13 0.983856 1.570317e+09
79163.17 0.916482 1.480104e+09
79163.17 0.912123 2.731404e+09
79200.95 0.960107 3.131921e+10
79200.96 0.865346 1.095296e+11
79200.97 0.870452 8.123632e+10
79301.94 0.901707 1.362928e+08
79302.47 0.376120 1.996615e+08
79319.93 0.922480 1.483815e+08
79320.09 0.459720 1.872542e+08
79320.25 0.487181 1.930721e+08
79367.37 0.475619 8.351230e+07
79367.43 0.557367 1.352035e+08
79373.93 0.399184 1.494958e+08
79401.51 0.568139 2.387956e+08
79401.61 0.526823 1.454935e+08
79426.12 0.938620 1.675911e+08
79426.25 0.530873 3.679077e+08
79426.27 0.587290 4.000463e+08
79471.53 0.309864 1.040468e+08
79472.24 0.886335 1.041611e+08
79481.30 0.310688 2.566531e+08
79488.09 0.374557 3.326518e+08
79488.31 0.688868 1.956642e+08
79488.55 0.501957 1.090551e+08
79490.02 0.444750 1.912464e+08
79506.63 0.633786 4.308825e+08
79506.71 0.655057 3.920291e+08
79506.74 0.981758 2.717076e+08
79528.57 0.302347 9.139253e+07
79536.55 0.566093 1.467074e+08
79540.75 0.380470 1.140863e+08
79548.23 0.744619 1.548552e+08
79549.13 0.304413 7.831449e+07
79586.37 0.399864 8.593222e+07
79613.03 0.760446 1.261473e+08
79613.05 0.367750 5.296984e+07
79613.61 0.334626 1.430047e+08
79646.09 0.726631 7.091496e+07
79683.53 0.370392 8.269053e+07
79683.61 0.471359 1.079657e+08
79699.92 0.937064 2.083562e+08
79700.01 0.524530 2.293967e+08
79700.17 0.428327 2.204500e+08
79714.41 0.422089 2.177565e+08
79727.73 0.444836 1.407573e+08
79760.58 0.824428 1.910226e+10
79760.61 0.980750 5.742986e+09
79760.69 0.609230 1.993175e+10
79805.22 0.301221 2.271892e+08
79813.59 0.743871 3.596756e+08
79818.87 0.327953 2.227598e+08
79819.07 0.523162 2.456752e+08
79826.07 0.314339 1.285839e+08
79848.84 0.966334 6.043574e+09
79848.93 0.802040 1.301990e+10
79848.98 0.756967 1.354237e+10
79901.82 0.385196 2.662404e+08
79916.57 0.888158 9.753677e+08
79916.60 0.980897 8.644784e+08
79916.66 0.715397 1.398510e+09
79942.06 0.639164 1.103676e+08
79958.07 0.499912 5.518030e+07
79958.27 0.534985 7.679271e+07
80004.02 0.971153 3.077508e+09
80004.10 0.930666 5.371697e+09
80004.14 0.945512 5.531125e+09
80057.29 0.439330 1.608777e+08
80057.46 0.770515 1.018924e+08
80081.69 0.406742 2.014398e+08
80081.95 0.594804 2.556943e+08
80081.97 0.983429 1.944592e+08
80094.79 0.708926 7.483475e+07
80098.98 0.352684 4.904149e+07
80111.73 0.869946 1.168053e+08
80111.75 0.674009 1.574252e+08
80111.78 0.703090 1.568116e+08
80140.59 0.304483 4.494084e+07
80146.90 0.639899 3.358278e+07
80176.39 0.319838 7.267738e+07
80179.51 0.358865 1.749220e+08
80179.53 0.429152 2.687829e+08
80234.09 0.697787 4.252789e+07
80277.55 0.322056 6.941412e+07
80307.92 0.982492 1.185489e+10
80307.94 0.864706 2.843432e+10
80307.97 0.849898 3.030538e+10
80370.03 0.483628 1.671082e+08
80386.85 0.379582 9.645864e+07
80419.85 0.339193 1.613987e+08
80421.57 0.359300 1.555053e+08
80481.14 0.956449 7.032952e+07
80481.22 0.529689 1.285515e+08
80481.47 0.604367 1.480346e+08
80487.25 0.840022 6.498094e+07
80488.45 0.345777 1.160978e+08
80500.45 0.915495 6.214527e+07
80500.75 0.409621 7.904649e+07
80533.50 0.956742 2.348102e+08
80533.51 0.752417 2.496364e+08
80533.93 0.527772 3.158031e+08
80586.66 0.880756 3.212027e+07
80602.89 0.523744 4.438999e+07
80624.89 0.845715 3.538069e+08
80624.95 0.870943 4.871140e+08
80625.09 0.625445 3.157703e+08
80645.22 0.306318 7.642185e+07
80645.23 0.633459 1.018222e+08
80683.33 0.907285 2.281357e+09
80683.34 0.903661 1.637049e+09
80683.34 0.971058 9.184455e+08
80692.70 0.944935 9.389336e+08
80692.77 0.431639 1.303590e+09
80693.35 0.685637 1.945127e+09
80734.98 0.475943 4.888727e+07
80755.79 0.442875 1.149570e+08
80770.73 0.414553 6.051405e+07
80784.65 0.410564 6.373927e+07
80784.77 0.843300 4.681263e+07
80808.56 0.984226 9.100750e+08
80808.67 0.451808 1.552479e+09
80808.70 0.580518 1.770813e+09
80852.72 0.963290 1.985167e+08
80853.17 0.348353 2.605475e+08
80853.24 0.594724 2.807190e+08
80857.49 0.566291 1.757269e+08
80903.69 0.331247 2.969261e+07
80973.45 0.520447 1.171417e+08
80973.69 0.978091 1.094073e+08
80973.79 0.342730 1.564560e+08